         0          1   0.295659   0.456384
      0.01    0.99171   0.361017   0.529337
      0.02    0.99171   0.361017   0.529337
      0.03    0.99171   0.361017   0.529337
      0.04    0.99171   0.361017   0.529337
      0.05    0.99171   0.361033   0.529354
      0.06    0.99171   0.361242   0.529579
      0.07    0.99171   0.361825   0.530204
      0.08    0.99171   0.364243   0.532796
      0.09   0.991475   0.367558     0.5363
       0.1   0.990732   0.374005   0.543018
      0.11   0.989246   0.383751   0.552986
      0.12   0.987056   0.389654   0.558738
      0.13    0.98209   0.404669   0.573166
      0.14   0.979079    0.41248   0.580429
      0.15   0.970358    0.42701   0.593047
      0.16   0.961364   0.435848   0.599778
      0.17    0.94404   0.449855   0.609344
      0.18   0.929571   0.456778   0.612555
      0.19   0.901337    0.46843   0.616475
       0.2   0.877249   0.471897   0.613678
      0.21   0.833568   0.479039   0.608425
      0.22   0.787932   0.490367   0.604515
      0.23   0.757743   0.490454    0.59548
      0.24   0.704794   0.498184   0.583747
      0.25   0.664008   0.499496   0.570122
      0.26   0.595065   0.500481    0.54369
      0.27   0.547982    0.49434   0.519781
      0.28   0.475911   0.492446   0.484037
      0.29   0.431097    0.48967    0.45852
       0.3   0.372048   0.488889    0.42254
      0.31   0.311669   0.495408   0.382623
      0.32    0.27839   0.500312   0.357729
      0.33   0.231777   0.507143   0.318151
      0.34   0.193258   0.506718   0.279802
      0.35   0.153214   0.503201   0.234905
      0.36   0.121344   0.485342   0.194147
      0.37  0.0882997    0.48184   0.149249
      0.38  0.0737134   0.485893   0.128007
      0.39   0.054591       0.48  0.0980326
       0.4  0.0406695   0.507463  0.0753039
      0.41  0.0271782   0.554054  0.0518146
      0.42  0.0167762   0.628571  0.0326801
      0.43   0.010402   0.703704   0.020501
      0.44 0.00383232   0.636364 0.00761875
      0.45 0.00383232   0.777778 0.00762705
      0.46 0.00324574   0.833333 0.00646629
      0.47   0.002972       0.75 0.00592054
      0.48   0.002972          1 0.00592639
      0.49          0          0          0
       0.5          0          0          0
      0.51          0          0          0
      0.52          0          0          0
      0.53          0          0          0
      0.54          0          0          0
      0.55          0          0          0
      0.56          0          0          0
      0.57          0          0          0
      0.58          0          0          0
      0.59          0          0          0
       0.6          0          0          0
      0.61          0          0          0
      0.62          0          0          0
      0.63          0          0          0
      0.64          0          0          0
      0.65          0          0          0
      0.66          0          0          0
      0.67          0          0          0
      0.68          0          0          0
      0.69          0          0          0
       0.7          0          0          0
      0.71          0          0          0
      0.72          0          0          0
      0.73          0          0          0
      0.74          0          0          0
      0.75          0          0          0
      0.76          0          0          0
      0.77          0          0          0
      0.78          0          0          0
      0.79          0          0          0
       0.8          0          0          0
      0.81          0          0          0
      0.82          0          0          0
      0.83          0          0          0
      0.84          0          0          0
      0.85          0          0          0
      0.86          0          0          0
      0.87          0          0          0
      0.88          0          0          0
      0.89          0          0          0
       0.9          0          0          0
      0.91          0          0          0
      0.92          0          0          0
      0.93          0          0          0
      0.94          0          0          0
      0.95          0          0          0
      0.96          0          0          0
      0.97          0          0          0
      0.98          0          0          0
      0.99          0          0          0
