         0          1   0.296598   0.457502
      0.01   0.971775    0.52934   0.685357
      0.02   0.971775    0.52934   0.685357
      0.03   0.971775   0.529374   0.685385
      0.04   0.971775   0.529543   0.685527
      0.05   0.971736   0.530632   0.686428
      0.06   0.971178    0.53808   0.692488
      0.07   0.969944   0.548441   0.700688
      0.08   0.967396   0.568661   0.716276
      0.09   0.961385   0.581274     0.7245
       0.1   0.954857   0.602689    0.73896
      0.11   0.944188   0.626708   0.753366
      0.12   0.936823   0.643414   0.762879
      0.13   0.924881   0.668717    0.77621
      0.14    0.91875   0.686596   0.785887
      0.15   0.899682   0.707441   0.792063
      0.16   0.881091   0.719854   0.792353
      0.17   0.857006   0.735962   0.791885
      0.18   0.839132   0.745882   0.789764
      0.19   0.801194   0.760882   0.780518
       0.2   0.777826   0.769606   0.773694
      0.21   0.730175   0.781212   0.754832
      0.22    0.68535   0.789953   0.733943
      0.23   0.663296    0.80018   0.725336
      0.24   0.612062   0.811242   0.697715
      0.25   0.583997   0.818113   0.681509
      0.26   0.539212     0.8329   0.654625
      0.27   0.501752   0.841954   0.628786
      0.28   0.444865   0.841957   0.582143
      0.29   0.417994   0.844431   0.559189
       0.3   0.362779   0.841795   0.507043
      0.31   0.317158   0.835861   0.459836
      0.32   0.276911   0.823028   0.414396
      0.33   0.229419   0.802198   0.356798
      0.34   0.205135   0.784566   0.325234
      0.35   0.157205   0.740426   0.259347
      0.36   0.128662   0.695312   0.217144
      0.37  0.0955812   0.640411   0.166337
      0.38  0.0802946   0.608527    0.14187
      0.39  0.0612659   0.559809   0.110445
       0.4  0.0453424        0.5  0.0831448
      0.41  0.0334395   0.401408   0.061736
      0.42  0.0230494   0.314286  0.0429489
      0.43   0.018551   0.276596  0.0347699
      0.44  0.0121019   0.481481  0.0236104
      0.45 0.00923567   0.909091  0.0182856
      0.46  0.0080414          1  0.0159545
      0.47 0.00497611          1 0.00990295
      0.48          0          0          0
      0.49          0          0          0
       0.5          0          0          0
      0.51          0          0          0
      0.52          0          0          0
      0.53          0          0          0
      0.54          0          0          0
      0.55          0          0          0
      0.56          0          0          0
      0.57          0          0          0
      0.58          0          0          0
      0.59          0          0          0
       0.6          0          0          0
      0.61          0          0          0
      0.62          0          0          0
      0.63          0          0          0
      0.64          0          0          0
      0.65          0          0          0
      0.66          0          0          0
      0.67          0          0          0
      0.68          0          0          0
      0.69          0          0          0
       0.7          0          0          0
      0.71          0          0          0
      0.72          0          0          0
      0.73          0          0          0
      0.74          0          0          0
      0.75          0          0          0
      0.76          0          0          0
      0.77          0          0          0
      0.78          0          0          0
      0.79          0          0          0
       0.8          0          0          0
      0.81          0          0          0
      0.82          0          0          0
      0.83          0          0          0
      0.84          0          0          0
      0.85          0          0          0
      0.86          0          0          0
      0.87          0          0          0
      0.88          0          0          0
      0.89          0          0          0
       0.9          0          0          0
      0.91          0          0          0
      0.92          0          0          0
      0.93          0          0          0
      0.94          0          0          0
      0.95          0          0          0
      0.96          0          0          0
      0.97          0          0          0
      0.98          0          0          0
      0.99          0          0          0
