         0          1   0.168956   0.289072
      0.01   0.949951   0.266621   0.416378
      0.02   0.949951   0.266621   0.416378
      0.03   0.949951   0.266621   0.416378
      0.04   0.949705   0.266889   0.416681
      0.05   0.949541   0.268117    0.41816
      0.06   0.948474   0.273413   0.424467
      0.07   0.947407   0.280555   0.432912
      0.08   0.944043   0.295029   0.449563
      0.09   0.937233   0.306422   0.461846
       0.1   0.922137   0.322254   0.477603
      0.11   0.910814   0.342097   0.497381
      0.12   0.904906   0.355867    0.51084
      0.13   0.893748   0.374816   0.528142
      0.14    0.88743   0.384789   0.536816
      0.15   0.855924   0.395737   0.541234
      0.16   0.826797   0.400482   0.539596
      0.17   0.785937   0.407647   0.536845
      0.18   0.771004   0.412522   0.537472
      0.19   0.734903   0.420419   0.534859
       0.2   0.713489   0.429221   0.535996
      0.21   0.686167   0.442051   0.537699
      0.22    0.64703   0.455309   0.534497
      0.23   0.619298   0.457594   0.526305
      0.24   0.563259   0.472926   0.514155
      0.25   0.521825   0.482112   0.501183
      0.26   0.493518   0.501599   0.497526
      0.27   0.464719   0.518109   0.489964
      0.28   0.420331    0.53605    0.47119
      0.29   0.392353   0.539831   0.454426
       0.3   0.323597   0.560549   0.410321
      0.31   0.260174   0.584615   0.360094
      0.32   0.227355   0.581081   0.326833
      0.33   0.148671    0.55516   0.234534
      0.34   0.120364   0.514851   0.195114
      0.35  0.0630128   0.396396    0.10874
      0.36  0.0369216   0.410959  0.0677558
      0.37  0.0100919   0.451613  0.0197426
      0.38 0.00664588   0.666667  0.0131606
      0.39 0.00287168        0.5 0.00571056
       0.4          0          0          0
      0.41          0          0          0
      0.42          0          0          0
      0.43          0          0          0
      0.44          0          0          0
      0.45          0          0          0
      0.46          0          0          0
      0.47          0          0          0
      0.48          0          0          0
      0.49          0          0          0
       0.5          0          0          0
      0.51          0          0          0
      0.52          0          0          0
      0.53          0          0          0
      0.54          0          0          0
      0.55          0          0          0
      0.56          0          0          0
      0.57          0          0          0
      0.58          0          0          0
      0.59          0          0          0
       0.6          0          0          0
      0.61          0          0          0
      0.62          0          0          0
      0.63          0          0          0
      0.64          0          0          0
      0.65          0          0          0
      0.66          0          0          0
      0.67          0          0          0
      0.68          0          0          0
      0.69          0          0          0
       0.7          0          0          0
      0.71          0          0          0
      0.72          0          0          0
      0.73          0          0          0
      0.74          0          0          0
      0.75          0          0          0
      0.76          0          0          0
      0.77          0          0          0
      0.78          0          0          0
      0.79          0          0          0
       0.8          0          0          0
      0.81          0          0          0
      0.82          0          0          0
      0.83          0          0          0
      0.84          0          0          0
      0.85          0          0          0
      0.86          0          0          0
      0.87          0          0          0
      0.88          0          0          0
      0.89          0          0          0
       0.9          0          0          0
      0.91          0          0          0
      0.92          0          0          0
      0.93          0          0          0
      0.94          0          0          0
      0.95          0          0          0
      0.96          0          0          0
      0.97          0          0          0
      0.98          0          0          0
      0.99          0          0          0
