         0          1   0.337394   0.504555
      0.01   0.905224   0.384335   0.539578
      0.02   0.905224   0.384335   0.539578
      0.03   0.905224   0.384335   0.539578
      0.04   0.905224   0.384361   0.539604
      0.05   0.905182   0.385026   0.540252
      0.06   0.904369   0.388791     0.5438
      0.07    0.90086   0.394123   0.548347
      0.08   0.890976   0.404322   0.556229
      0.09   0.880279   0.411857   0.561163
       0.1   0.836336   0.427416   0.565717
      0.11   0.794275   0.441514   0.567546
      0.12   0.749647   0.453738   0.565311
      0.13   0.681742   0.480269   0.563539
      0.14   0.649223   0.498954   0.564255
      0.15   0.597664   0.529689   0.561627
      0.16   0.569937   0.550851   0.560231
      0.17   0.518121   0.588741   0.551178
      0.18   0.482863   0.611779    0.53973
      0.19   0.430063   0.633659   0.512377
       0.2   0.383338   0.652975   0.483078
      0.21   0.327757    0.68654   0.443693
      0.22   0.279706   0.702111   0.400043
      0.23    0.25998   0.711331   0.380788
      0.24   0.211245   0.706621   0.325254
      0.25    0.19276    0.69709   0.302009
      0.26   0.151726   0.665595    0.24712
      0.27   0.137521   0.646098   0.226773
      0.28   0.119507   0.632035   0.201007
      0.29   0.105601   0.612346   0.180137
       0.3  0.0848915   0.591463   0.148473
      0.31  0.0668778   0.557554    0.11943
      0.32  0.0549827      0.552   0.100004
      0.33  0.0447991    0.54067  0.0827423
      0.34  0.0412477   0.540107  0.0766423
      0.35  0.0293526   0.519231  0.0555641
      0.36  0.0250738   0.529851  0.0478817
      0.37  0.0225065   0.451613  0.0428763
      0.38  0.0166446    0.43662  0.0320667
      0.39 0.00333747   0.355556 0.00661287
       0.4 0.00312353   0.357143  0.0061929
      0.41 0.00136922   0.366667 0.00272825
      0.42 0.000385093   0.333333 0.000769297
      0.43 0.000299516   0.230769 0.000598257
      0.44 0.000171152   0.285714  0.0003421
      0.45 0.000171152   0.666667 0.000342217
      0.46 4.27881e-05          1 8.55725e-05
      0.47          0          0          0
      0.48          0          0          0
      0.49          0          0          0
       0.5          0          0          0
      0.51          0          0          0
      0.52          0          0          0
      0.53          0          0          0
      0.54          0          0          0
      0.55          0          0          0
      0.56          0          0          0
      0.57          0          0          0
      0.58          0          0          0
      0.59          0          0          0
       0.6          0          0          0
      0.61          0          0          0
      0.62          0          0          0
      0.63          0          0          0
      0.64          0          0          0
      0.65          0          0          0
      0.66          0          0          0
      0.67          0          0          0
      0.68          0          0          0
      0.69          0          0          0
       0.7          0          0          0
      0.71          0          0          0
      0.72          0          0          0
      0.73          0          0          0
      0.74          0          0          0
      0.75          0          0          0
      0.76          0          0          0
      0.77          0          0          0
      0.78          0          0          0
      0.79          0          0          0
       0.8          0          0          0
      0.81          0          0          0
      0.82          0          0          0
      0.83          0          0          0
      0.84          0          0          0
      0.85          0          0          0
      0.86          0          0          0
      0.87          0          0          0
      0.88          0          0          0
      0.89          0          0          0
       0.9          0          0          0
      0.91          0          0          0
      0.92          0          0          0
      0.93          0          0          0
      0.94          0          0          0
      0.95          0          0          0
      0.96          0          0          0
      0.97          0          0          0
      0.98          0          0          0
      0.99          0          0          0
