         0          1   0.193017   0.323578
      0.01   0.928645   0.257515   0.403217
      0.02   0.928645   0.257515   0.403217
      0.03   0.928645   0.257497   0.403196
      0.04   0.926461   0.257089   0.402489
      0.05   0.916389   0.254137   0.397921
      0.06   0.871428   0.252424   0.391456
      0.07   0.844791   0.263228   0.401388
      0.08   0.806747   0.286945   0.423322
      0.09   0.780778   0.304544   0.438177
       0.1   0.732541   0.346624   0.470579
      0.11   0.700079   0.409429   0.516684
      0.12   0.682544   0.458624   0.548615
      0.13   0.638918   0.521086   0.574017
      0.14   0.607002   0.573873   0.589973
      0.15   0.578848   0.651668   0.613104
      0.16   0.569686   0.699051   0.627773
      0.17   0.556095    0.75205   0.639396
      0.18   0.544809    0.78168   0.642096
      0.19   0.521813   0.836606   0.642735
       0.2    0.50537   0.865532    0.63814
      0.21   0.486924   0.888158   0.629003
      0.22   0.471695   0.904067   0.619938
      0.23   0.453613   0.918051   0.607204
      0.24   0.420181     0.9375   0.580283
      0.25    0.40125   0.944675   0.563257
      0.26   0.358049   0.954688   0.520782
      0.27   0.337722   0.959732   0.499629
      0.28   0.320854   0.981308   0.483591
      0.29   0.306049   0.988072   0.467342
       0.3   0.287301   0.993197    0.44568
      0.31   0.254718   0.992042   0.405356
      0.32   0.233056   0.991176   0.377379
      0.33   0.200595   0.989091   0.333544
      0.34   0.186882   0.987552   0.314289
      0.35   0.166373    0.99005   0.284875
      0.36   0.157697   0.988636   0.272006
      0.37   0.134397   0.983333   0.236474
      0.38   0.110916    0.97561   0.199186
      0.39  0.0844609   0.962264   0.155291
       0.4  0.0782113   0.977273   0.144832
      0.41  0.0515139   0.965517  0.0978092
      0.42  0.0403495       0.95  0.0774111
      0.43  0.0340392   0.941176  0.0657022
      0.44  0.0200231          1    0.03926
      0.45 0.00904071          1  0.0179194
      0.46 0.00898004          1  0.0178002
      0.47          0          0          0
      0.48          0          0          0
      0.49          0          0          0
       0.5          0          0          0
      0.51          0          0          0
      0.52          0          0          0
      0.53          0          0          0
      0.54          0          0          0
      0.55          0          0          0
      0.56          0          0          0
      0.57          0          0          0
      0.58          0          0          0
      0.59          0          0          0
       0.6          0          0          0
      0.61          0          0          0
      0.62          0          0          0
      0.63          0          0          0
      0.64          0          0          0
      0.65          0          0          0
      0.66          0          0          0
      0.67          0          0          0
      0.68          0          0          0
      0.69          0          0          0
       0.7          0          0          0
      0.71          0          0          0
      0.72          0          0          0
      0.73          0          0          0
      0.74          0          0          0
      0.75          0          0          0
      0.76          0          0          0
      0.77          0          0          0
      0.78          0          0          0
      0.79          0          0          0
       0.8          0          0          0
      0.81          0          0          0
      0.82          0          0          0
      0.83          0          0          0
      0.84          0          0          0
      0.85          0          0          0
      0.86          0          0          0
      0.87          0          0          0
      0.88          0          0          0
      0.89          0          0          0
       0.9          0          0          0
      0.91          0          0          0
      0.92          0          0          0
      0.93          0          0          0
      0.94          0          0          0
      0.95          0          0          0
      0.96          0          0          0
      0.97          0          0          0
      0.98          0          0          0
      0.99          0          0          0
