         0          1   0.150167   0.261123
      0.01    0.86735   0.162343   0.273495
      0.02    0.86735   0.162343   0.273495
      0.03    0.86735   0.162343   0.273495
      0.04    0.86735   0.162343   0.273495
      0.05    0.86735   0.162351   0.273507
      0.06    0.86735   0.162427   0.273615
      0.07   0.865357   0.162571   0.273719
      0.08   0.862795   0.163068   0.274295
      0.09   0.859474   0.164283   0.275841
       0.1    0.85084   0.166721    0.27881
      0.11   0.835848    0.17009    0.28266
      0.12   0.821615   0.172322   0.284893
      0.13   0.789354   0.176273   0.288189
      0.14   0.762881   0.178512   0.289323
      0.15   0.698928   0.182247   0.289109
      0.16   0.637252   0.182466   0.283699
      0.17   0.573679   0.185201   0.280007
      0.18   0.519214   0.184554   0.272315
      0.19   0.414176   0.174703   0.245747
       0.2   0.370434   0.171938   0.234864
      0.21   0.298985   0.167535   0.214741
      0.22    0.25325   0.158169   0.194722
      0.23   0.221178   0.155099   0.182336
      0.24   0.187684   0.151322   0.167553
      0.25   0.173166    0.14596   0.158403
      0.26   0.147168   0.143546   0.145334
      0.27   0.137869   0.146045   0.141839
      0.28   0.118797    0.14227   0.129478
      0.29   0.105703   0.141386   0.120968
       0.3  0.0945061    0.13986   0.112795
      0.31  0.0759085    0.14497  0.0996427
      0.32  0.0742955    0.16036   0.101545
      0.33  0.0590189   0.177083  0.0885317
      0.34  0.0538002   0.201389  0.0849155
      0.35  0.0379543   0.207101  0.0641518
      0.36   0.028181   0.235772  0.0503446
      0.37  0.0193567   0.275362  0.0361707
      0.38  0.0131891   0.311111  0.0253054
      0.39  0.0120505   0.307692  0.0231926
       0.4  0.0114812   0.333333  0.0221978
      0.41 0.00436474   0.166667  0.0085067
      0.42          0          0          0
      0.43          0          0          0
      0.44          0          0          0
      0.45          0          0          0
      0.46          0          0          0
      0.47          0          0          0
      0.48          0          0          0
      0.49          0          0          0
       0.5          0          0          0
      0.51          0          0          0
      0.52          0          0          0
      0.53          0          0          0
      0.54          0          0          0
      0.55          0          0          0
      0.56          0          0          0
      0.57          0          0          0
      0.58          0          0          0
      0.59          0          0          0
       0.6          0          0          0
      0.61          0          0          0
      0.62          0          0          0
      0.63          0          0          0
      0.64          0          0          0
      0.65          0          0          0
      0.66          0          0          0
      0.67          0          0          0
      0.68          0          0          0
      0.69          0          0          0
       0.7          0          0          0
      0.71          0          0          0
      0.72          0          0          0
      0.73          0          0          0
      0.74          0          0          0
      0.75          0          0          0
      0.76          0          0          0
      0.77          0          0          0
      0.78          0          0          0
      0.79          0          0          0
       0.8          0          0          0
      0.81          0          0          0
      0.82          0          0          0
      0.83          0          0          0
      0.84          0          0          0
      0.85          0          0          0
      0.86          0          0          0
      0.87          0          0          0
      0.88          0          0          0
      0.89          0          0          0
       0.9          0          0          0
      0.91          0          0          0
      0.92          0          0          0
      0.93          0          0          0
      0.94          0          0          0
      0.95          0          0          0
      0.96          0          0          0
      0.97          0          0          0
      0.98          0          0          0
      0.99          0          0          0
