         0          1   0.230724    0.37494
      0.01   0.822559   0.203225   0.325926
      0.02   0.822559   0.203225   0.325926
      0.03   0.822559   0.203225   0.325926
      0.04   0.822559   0.203225   0.325926
      0.05   0.822559   0.203233   0.325935
      0.06   0.822559   0.203074   0.325731
      0.07   0.822559   0.202786    0.32536
      0.08   0.821882   0.202531   0.324979
      0.09    0.82002   0.202792   0.325169
       0.1   0.815789   0.203965   0.326339
      0.11   0.804535   0.206608   0.328783
      0.12   0.790743   0.208972    0.33058
      0.13   0.764596   0.215968   0.336803
      0.14   0.747588   0.220355   0.340381
      0.15    0.70528   0.226766   0.343188
      0.16   0.672703   0.233479   0.346645
      0.17   0.617533   0.243483   0.349259
      0.18   0.586055   0.248804   0.349311
      0.19    0.52107   0.252468   0.340135
       0.2   0.478423   0.255648   0.333231
      0.21   0.396683   0.256213   0.311337
      0.22   0.338974   0.260306   0.294477
      0.23   0.310882   0.267194   0.287387
      0.24   0.277204   0.267606    0.27232
      0.25   0.253935   0.269627   0.261546
      0.26   0.223303   0.266547   0.243016
      0.27   0.200203   0.266913   0.228795
      0.28   0.160433   0.250353   0.195551
      0.29   0.126417   0.254148   0.168847
       0.3   0.097563   0.252969   0.140817
      0.31  0.0764089   0.271382   0.119244
      0.32  0.0573701   0.286624  0.0956043
      0.33   0.047893   0.290625  0.0822344
      0.34  0.0400237   0.307339  0.0708242
      0.35  0.0297005   0.312925  0.0542518
      0.36  0.0261466        0.3  0.0481009
      0.37  0.0179387   0.298507  0.0338436
      0.38  0.0126079   0.269231  0.0240878
      0.39  0.0111694   0.166667  0.0209358
       0.4 0.00651548   0.142857  0.0124626
      0.41 0.00287697       0.05 0.00544087
      0.42          0          0          0
      0.43          0          0          0
      0.44          0          0          0
      0.45          0          0          0
      0.46          0          0          0
      0.47          0          0          0
      0.48          0          0          0
      0.49          0          0          0
       0.5          0          0          0
      0.51          0          0          0
      0.52          0          0          0
      0.53          0          0          0
      0.54          0          0          0
      0.55          0          0          0
      0.56          0          0          0
      0.57          0          0          0
      0.58          0          0          0
      0.59          0          0          0
       0.6          0          0          0
      0.61          0          0          0
      0.62          0          0          0
      0.63          0          0          0
      0.64          0          0          0
      0.65          0          0          0
      0.66          0          0          0
      0.67          0          0          0
      0.68          0          0          0
      0.69          0          0          0
       0.7          0          0          0
      0.71          0          0          0
      0.72          0          0          0
      0.73          0          0          0
      0.74          0          0          0
      0.75          0          0          0
      0.76          0          0          0
      0.77          0          0          0
      0.78          0          0          0
      0.79          0          0          0
       0.8          0          0          0
      0.81          0          0          0
      0.82          0          0          0
      0.83          0          0          0
      0.84          0          0          0
      0.85          0          0          0
      0.86          0          0          0
      0.87          0          0          0
      0.88          0          0          0
      0.89          0          0          0
       0.9          0          0          0
      0.91          0          0          0
      0.92          0          0          0
      0.93          0          0          0
      0.94          0          0          0
      0.95          0          0          0
      0.96          0          0          0
      0.97          0          0          0
      0.98          0          0          0
      0.99          0          0          0
