         0          1   0.253826   0.404882
      0.01   0.934668   0.327958   0.485546
      0.02   0.934668   0.327958   0.485546
      0.03   0.934668   0.327958   0.485546
      0.04   0.934668   0.327991   0.485583
      0.05   0.934012   0.328482   0.486032
      0.06   0.932699   0.332394   0.490119
      0.07   0.930784   0.339442   0.497466
      0.08   0.925312   0.354313   0.512416
      0.09   0.921482   0.366133   0.524046
       0.1   0.905067   0.384244   0.539461
      0.11   0.874699   0.403145   0.551915
      0.12   0.853797   0.415165   0.558672
      0.13   0.802254   0.434759   0.563918
      0.14   0.769589   0.448761   0.566933
      0.15   0.716678   0.471803   0.569013
      0.16   0.676461   0.488767   0.567497
      0.17   0.613701   0.511984   0.558247
      0.18   0.559477   0.525665   0.542044
      0.19   0.491957   0.560137   0.523838
       0.2   0.453163   0.578709   0.508298
      0.21   0.388378   0.612514    0.47535
      0.22   0.328135    0.63836    0.43346
      0.23   0.287645   0.655327   0.399803
      0.24    0.23747   0.667883   0.350365
      0.25   0.202287   0.675841   0.311376
      0.26   0.142427   0.657837   0.234157
      0.27   0.108995   0.661932   0.187171
      0.28  0.0841541   0.685259     0.1499
      0.29  0.0731013   0.702128   0.132416
       0.3  0.0537864   0.720588   0.100101
      0.31   0.043445    0.72381  0.0819699
      0.32  0.0375356   0.755556  0.0715182
      0.33  0.0315715    0.80597  0.0607627
      0.34  0.0295469   0.884615  0.0571839
      0.35  0.0227621   0.926829   0.044433
      0.36  0.0227621      0.925  0.0444308
      0.37  0.0215583   0.918919  0.0421283
      0.38  0.0192602   0.914286  0.0377257
      0.39  0.0189866   0.911765  0.0371987
       0.4  0.0189866   0.966667  0.0372418
      0.41  0.0184395   0.962963  0.0361861
      0.42  0.0163603       0.95  0.0321666
      0.43  0.0154301   0.947368  0.0303656
      0.44  0.0143905   0.933333  0.0283439
      0.45  0.0129678          1  0.0256036
      0.46  0.0129678          1  0.0256036
      0.47 0.00755089          1  0.0149886
      0.48          0          0          0
      0.49          0          0          0
       0.5          0          0          0
      0.51          0          0          0
      0.52          0          0          0
      0.53          0          0          0
      0.54          0          0          0
      0.55          0          0          0
      0.56          0          0          0
      0.57          0          0          0
      0.58          0          0          0
      0.59          0          0          0
       0.6          0          0          0
      0.61          0          0          0
      0.62          0          0          0
      0.63          0          0          0
      0.64          0          0          0
      0.65          0          0          0
      0.66          0          0          0
      0.67          0          0          0
      0.68          0          0          0
      0.69          0          0          0
       0.7          0          0          0
      0.71          0          0          0
      0.72          0          0          0
      0.73          0          0          0
      0.74          0          0          0
      0.75          0          0          0
      0.76          0          0          0
      0.77          0          0          0
      0.78          0          0          0
      0.79          0          0          0
       0.8          0          0          0
      0.81          0          0          0
      0.82          0          0          0
      0.83          0          0          0
      0.84          0          0          0
      0.85          0          0          0
      0.86          0          0          0
      0.87          0          0          0
      0.88          0          0          0
      0.89          0          0          0
       0.9          0          0          0
      0.91          0          0          0
      0.92          0          0          0
      0.93          0          0          0
      0.94          0          0          0
      0.95          0          0          0
      0.96          0          0          0
      0.97          0          0          0
      0.98          0          0          0
      0.99          0          0          0
