         0          1   0.418411   0.589971
      0.01   0.973796   0.555362   0.707329
      0.02   0.973796   0.555362   0.707329
      0.03   0.973796   0.555362   0.707329
      0.04   0.973796   0.555362   0.707329
      0.05   0.973796   0.555362   0.707329
      0.06   0.973796   0.555362   0.707329
      0.07   0.973796   0.555362   0.707329
      0.08   0.973796    0.55547   0.707417
      0.09   0.973796   0.555755   0.707648
       0.1   0.973416   0.556454   0.708114
      0.11   0.973258    0.55739   0.708829
      0.12   0.973163   0.559461   0.710477
      0.13   0.972498   0.566402   0.715868
      0.14   0.971232   0.574585    0.72202
      0.15   0.967181   0.588005   0.731369
      0.16   0.962498   0.591621   0.732806
      0.17   0.949047   0.592946   0.729878
      0.18   0.938604   0.596745   0.729616
      0.19   0.927464   0.599237   0.728067
       0.2   0.916514   0.603516   0.727789
      0.21   0.894835   0.620351   0.732731
      0.22   0.865371   0.649275   0.741908
      0.23    0.84268   0.679539   0.752367
      0.24   0.804228   0.723233   0.761583
      0.25    0.77698   0.747637   0.762026
      0.26   0.729318   0.769094   0.748678
      0.27   0.697766   0.781618   0.737316
      0.28    0.65425   0.799041   0.719433
      0.29   0.626084   0.815147   0.708215
       0.3   0.585575   0.835255   0.688477
      0.31   0.549275   0.854288    0.66864
      0.32   0.519052   0.870541   0.650343
      0.33   0.477783   0.883841   0.620266
      0.34   0.450472   0.888016   0.597728
      0.35    0.42028   0.893944   0.571754
      0.36   0.406956   0.895129   0.559531
      0.37   0.380689   0.899408   0.534951
      0.38   0.366004   0.902517   0.520803
      0.39   0.342617   0.903882   0.496888
       0.4   0.316666   0.900411   0.468548
      0.41    0.27872   0.911543   0.426906
      0.42    0.24106   0.925835   0.382522
      0.43    0.22321   0.936433   0.360493
      0.44   0.188936   0.943038   0.314802
      0.45   0.163428   0.946728   0.278739
      0.46   0.134629   0.942553   0.235605
      0.47   0.108425   0.939227   0.194407
      0.48  0.0826318   0.959459   0.152159
      0.49  0.0631053     0.9625   0.118445
       0.5  0.0323122   0.951613  0.0625021
      0.51  0.0130072   0.954545  0.0256646
      0.52  0.0101272          1  0.0200514
      0.53 0.00439901          1 0.00875949
      0.54 0.00186721          1 0.00372745
      0.55          0          0          0
      0.56          0          0          0
      0.57          0          0          0
      0.58          0          0          0
      0.59          0          0          0
       0.6          0          0          0
      0.61          0          0          0
      0.62          0          0          0
      0.63          0          0          0
      0.64          0          0          0
      0.65          0          0          0
      0.66          0          0          0
      0.67          0          0          0
      0.68          0          0          0
      0.69          0          0          0
       0.7          0          0          0
      0.71          0          0          0
      0.72          0          0          0
      0.73          0          0          0
      0.74          0          0          0
      0.75          0          0          0
      0.76          0          0          0
      0.77          0          0          0
      0.78          0          0          0
      0.79          0          0          0
       0.8          0          0          0
      0.81          0          0          0
      0.82          0          0          0
      0.83          0          0          0
      0.84          0          0          0
      0.85          0          0          0
      0.86          0          0          0
      0.87          0          0          0
      0.88          0          0          0
      0.89          0          0          0
       0.9          0          0          0
      0.91          0          0          0
      0.92          0          0          0
      0.93          0          0          0
      0.94          0          0          0
      0.95          0          0          0
      0.96          0          0          0
      0.97          0          0          0
      0.98          0          0          0
      0.99          0          0          0
