         0          1   0.223412   0.365227
      0.01   0.963836   0.300399    0.45804
      0.02   0.963836   0.300399    0.45804
      0.03   0.963836   0.300399    0.45804
      0.04   0.963836   0.300399    0.45804
      0.05   0.963836   0.300399    0.45804
      0.06   0.963836   0.300502    0.45816
      0.07   0.963836   0.300709   0.458401
      0.08   0.963695   0.302183   0.460095
      0.09   0.963554   0.303906   0.462074
       0.1    0.96271   0.305561   0.463886
      0.11   0.958207   0.308128   0.466307
      0.12   0.954127   0.310218   0.468206
      0.13   0.947442   0.314257   0.471967
      0.14   0.941743   0.316296   0.473546
      0.15   0.928375   0.319818   0.475745
      0.16     0.9174   0.323103   0.477894
      0.17   0.894744   0.330343   0.482534
      0.18   0.879125     0.3356   0.485763
      0.19   0.851263   0.339615   0.485527
       0.2    0.82706   0.345645   0.487538
      0.21   0.788363   0.354786    0.48935
      0.22   0.741715   0.366925   0.490969
      0.23   0.709632    0.37617   0.491696
      0.24   0.652572    0.39582   0.492756
      0.25   0.626609   0.409243    0.49512
      0.26   0.599803   0.439535   0.507312
      0.27   0.554211   0.457264   0.501091
      0.28   0.497432   0.489974   0.493675
      0.29   0.471399   0.513863   0.491716
       0.3   0.424471   0.540734     0.4756
      0.31   0.394076   0.561828   0.463232
      0.32   0.369662   0.570913   0.448757
      0.33   0.335819   0.589399   0.427859
      0.34   0.317385   0.603625   0.416025
      0.35    0.29079   0.625352   0.396982
      0.36   0.283332   0.629863   0.390848
      0.37   0.258918   0.646607    0.36977
      0.38   0.247379   0.655882   0.359257
      0.39   0.225287   0.682971   0.338812
       0.4   0.201998   0.690083   0.312517
      0.41   0.185816   0.718085   0.295235
      0.42   0.157884   0.765799   0.261794
      0.43   0.140013   0.791045   0.237915
      0.44  0.0963203        0.8   0.171939
      0.45    0.07465   0.819277   0.136832
      0.46  0.0495321   0.883721  0.0938064
      0.47  0.0296208   0.862069  0.0572736
      0.48 0.00717653   0.833333  0.0142305
      0.49          0          0          0
       0.5          0          0          0
      0.51          0          0          0
      0.52          0          0          0
      0.53          0          0          0
      0.54          0          0          0
      0.55          0          0          0
      0.56          0          0          0
      0.57          0          0          0
      0.58          0          0          0
      0.59          0          0          0
       0.6          0          0          0
      0.61          0          0          0
      0.62          0          0          0
      0.63          0          0          0
      0.64          0          0          0
      0.65          0          0          0
      0.66          0          0          0
      0.67          0          0          0
      0.68          0          0          0
      0.69          0          0          0
       0.7          0          0          0
      0.71          0          0          0
      0.72          0          0          0
      0.73          0          0          0
      0.74          0          0          0
      0.75          0          0          0
      0.76          0          0          0
      0.77          0          0          0
      0.78          0          0          0
      0.79          0          0          0
       0.8          0          0          0
      0.81          0          0          0
      0.82          0          0          0
      0.83          0          0          0
      0.84          0          0          0
      0.85          0          0          0
      0.86          0          0          0
      0.87          0          0          0
      0.88          0          0          0
      0.89          0          0          0
       0.9          0          0          0
      0.91          0          0          0
      0.92          0          0          0
      0.93          0          0          0
      0.94          0          0          0
      0.95          0          0          0
      0.96          0          0          0
      0.97          0          0          0
      0.98          0          0          0
      0.99          0          0          0
