         0          1   0.176689   0.300316
      0.01   0.895784   0.164345   0.277736
      0.02   0.895784   0.164345   0.277736
      0.03   0.895784   0.164345   0.277736
      0.04   0.895784   0.164352   0.277746
      0.05   0.895701   0.164395   0.277803
      0.06    0.89414   0.164468   0.277832
      0.07    0.89003   0.164444   0.277598
      0.08   0.877702   0.163615   0.275815
      0.09   0.864059   0.162714   0.273857
       0.1   0.843018   0.164545   0.275346
      0.11   0.820909   0.169758   0.281337
      0.12   0.810224   0.174906   0.287705
      0.13   0.781294   0.181603   0.294705
      0.14   0.755075   0.187078   0.299862
      0.15   0.720145   0.193482   0.305015
      0.16   0.691543    0.19734   0.307057
      0.17   0.641078   0.202409   0.307675
      0.18   0.605901   0.204004   0.305236
      0.19   0.561683   0.207242   0.302771
       0.2   0.530698   0.206585   0.297401
      0.21   0.490671   0.209968   0.294089
      0.22   0.443988   0.211235   0.286271
      0.23   0.423605   0.212937    0.28341
      0.24   0.396236   0.210581   0.275008
      0.25   0.367058   0.207962   0.265501
      0.26   0.331306   0.206211   0.254202
      0.27   0.321197   0.206839   0.251635
      0.28   0.300485   0.210335   0.247455
      0.29   0.295964   0.207082   0.243671
       0.3   0.274431   0.206045   0.235371
      0.31   0.255692   0.210846   0.231114
      0.32   0.246815   0.210736   0.227353
      0.33   0.234405   0.211075   0.222129
      0.34   0.228158   0.207792   0.217499
      0.35   0.215994   0.203457   0.209538
      0.36   0.202762   0.198582    0.20065
      0.37   0.193556   0.204601   0.198926
      0.38   0.182132   0.203267    0.19212
      0.39   0.159612   0.199783   0.177452
       0.4   0.151064   0.206289    0.17441
      0.41   0.141695   0.222042   0.172994
      0.42   0.112271   0.224771   0.149745
      0.43  0.0957508   0.239748   0.136847
      0.44  0.0710118   0.229885   0.108506
      0.45  0.0441358   0.247619  0.0749181
      0.46  0.0100271   0.228571  0.0192115
      0.47 0.00912304   0.357143  0.0177916
      0.48 0.00320539          1  0.0063903
      0.49 0.00320539          1  0.0063903
       0.5          0          0          0
      0.51          0          0          0
      0.52          0          0          0
      0.53          0          0          0
      0.54          0          0          0
      0.55          0          0          0
      0.56          0          0          0
      0.57          0          0          0
      0.58          0          0          0
      0.59          0          0          0
       0.6          0          0          0
      0.61          0          0          0
      0.62          0          0          0
      0.63          0          0          0
      0.64          0          0          0
      0.65          0          0          0
      0.66          0          0          0
      0.67          0          0          0
      0.68          0          0          0
      0.69          0          0          0
       0.7          0          0          0
      0.71          0          0          0
      0.72          0          0          0
      0.73          0          0          0
      0.74          0          0          0
      0.75          0          0          0
      0.76          0          0          0
      0.77          0          0          0
      0.78          0          0          0
      0.79          0          0          0
       0.8          0          0          0
      0.81          0          0          0
      0.82          0          0          0
      0.83          0          0          0
      0.84          0          0          0
      0.85          0          0          0
      0.86          0          0          0
      0.87          0          0          0
      0.88          0          0          0
      0.89          0          0          0
       0.9          0          0          0
      0.91          0          0          0
      0.92          0          0          0
      0.93          0          0          0
      0.94          0          0          0
      0.95          0          0          0
      0.96          0          0          0
      0.97          0          0          0
      0.98          0          0          0
      0.99          0          0          0
