         0          1   0.263807   0.417479
      0.01   0.966686   0.450378   0.614474
      0.02   0.966686   0.450378   0.614474
      0.03   0.966686   0.450378   0.614474
      0.04   0.966686   0.450401   0.614495
      0.05   0.966686    0.45053   0.614615
      0.06   0.966686   0.452953   0.616866
      0.07   0.966421   0.456724   0.620299
      0.08   0.965666   0.467368   0.629883
      0.09   0.964344   0.476459   0.637797
       0.1   0.957205   0.494143   0.651802
      0.11   0.947498   0.515774   0.667948
      0.12   0.943267   0.528323   0.677294
      0.13   0.934882   0.544891   0.688496
      0.14   0.922417   0.558566   0.695796
      0.15    0.90542   0.580811   0.707667
      0.16   0.886648    0.59304   0.710714
      0.17   0.855335   0.611288   0.713007
      0.18   0.836865   0.628305   0.717741
      0.19   0.800113   0.657337   0.721732
       0.2   0.782285   0.677169   0.725942
      0.21   0.699679   0.703116   0.701393
      0.22   0.529632   0.702808   0.604053
      0.23   0.422285    0.71145   0.529991
      0.24   0.315807   0.752014   0.444815
      0.25   0.276601   0.760077   0.405599
      0.26   0.229046   0.763061   0.352333
      0.27   0.215713   0.766026   0.336631
      0.28   0.194485   0.773703   0.310836
      0.29   0.181416    0.77682    0.29414
       0.3   0.162304   0.818994   0.270919
      0.31   0.149915   0.866131   0.255591
      0.32    0.14406   0.906203     0.2486
      0.33   0.130765   0.916974   0.228889
      0.34   0.114788   0.936123   0.204499
      0.35   0.103229   0.942675   0.186082
      0.36  0.0810954   0.940678   0.149318
      0.37  0.0458168   0.910569  0.0872438
      0.38  0.0245515   0.890244  0.0477851
      0.39  0.0135222   0.878049  0.0266342
       0.4 0.00600567   0.846154  0.0119267
      0.41 0.00188857          1 0.00377003
      0.42          0          0          0
      0.43          0          0          0
      0.44          0          0          0
      0.45          0          0          0
      0.46          0          0          0
      0.47          0          0          0
      0.48          0          0          0
      0.49          0          0          0
       0.5          0          0          0
      0.51          0          0          0
      0.52          0          0          0
      0.53          0          0          0
      0.54          0          0          0
      0.55          0          0          0
      0.56          0          0          0
      0.57          0          0          0
      0.58          0          0          0
      0.59          0          0          0
       0.6          0          0          0
      0.61          0          0          0
      0.62          0          0          0
      0.63          0          0          0
      0.64          0          0          0
      0.65          0          0          0
      0.66          0          0          0
      0.67          0          0          0
      0.68          0          0          0
      0.69          0          0          0
       0.7          0          0          0
      0.71          0          0          0
      0.72          0          0          0
      0.73          0          0          0
      0.74          0          0          0
      0.75          0          0          0
      0.76          0          0          0
      0.77          0          0          0
      0.78          0          0          0
      0.79          0          0          0
       0.8          0          0          0
      0.81          0          0          0
      0.82          0          0          0
      0.83          0          0          0
      0.84          0          0          0
      0.85          0          0          0
      0.86          0          0          0
      0.87          0          0          0
      0.88          0          0          0
      0.89          0          0          0
       0.9          0          0          0
      0.91          0          0          0
      0.92          0          0          0
      0.93          0          0          0
      0.94          0          0          0
      0.95          0          0          0
      0.96          0          0          0
      0.97          0          0          0
      0.98          0          0          0
      0.99          0          0          0
