         0          1   0.181029   0.306561
      0.01   0.785006   0.194347    0.31156
      0.02   0.785006   0.194347    0.31156
      0.03   0.785006   0.194347    0.31156
      0.04   0.785006   0.194356   0.311572
      0.05   0.785006   0.194299   0.311499
      0.06   0.785006   0.194607   0.311894
      0.07   0.785006   0.195441   0.312964
      0.08   0.783283   0.197744    0.31577
      0.09   0.780267    0.20032   0.318794
       0.1   0.767126   0.202492   0.320408
      0.11   0.748169   0.208532   0.326157
      0.12   0.723826   0.213519   0.329762
      0.13   0.683757   0.221762   0.334905
      0.14   0.661137   0.229587    0.34082
      0.15    0.62333   0.240486    0.34707
      0.16   0.580461   0.251799   0.351235
      0.17   0.563012   0.273579   0.368229
      0.18   0.540823   0.286819   0.374844
      0.19    0.51271   0.313405   0.389016
       0.2   0.495692   0.334761   0.399633
      0.21   0.470271   0.365649   0.411413
      0.22   0.450345   0.398686   0.422944
      0.23    0.43505   0.422963   0.428921
      0.24   0.409522   0.453117   0.430218
      0.25   0.387979   0.472494   0.426086
      0.26   0.368807   0.500755    0.42477
      0.27   0.335523   0.511424   0.405207
      0.28   0.302671   0.534831   0.386573
      0.29   0.271866       0.55    0.36387
       0.3   0.230612   0.564784   0.327499
      0.31   0.208962    0.59188   0.308876
      0.32   0.186881   0.587629   0.283577
      0.33   0.150797   0.608247   0.241677
      0.34   0.124408   0.636792    0.20815
      0.35  0.0984489   0.732824   0.173579
      0.36  0.0803533       0.75   0.145155
      0.37  0.0462085   0.774194  0.0872117
      0.38   0.022835   0.789474  0.0443861
      0.39 0.00247738          1 0.00494252
       0.4 0.00247738          1 0.00494252
      0.41          0          0          0
      0.42          0          0          0
      0.43          0          0          0
      0.44          0          0          0
      0.45          0          0          0
      0.46          0          0          0
      0.47          0          0          0
      0.48          0          0          0
      0.49          0          0          0
       0.5          0          0          0
      0.51          0          0          0
      0.52          0          0          0
      0.53          0          0          0
      0.54          0          0          0
      0.55          0          0          0
      0.56          0          0          0
      0.57          0          0          0
      0.58          0          0          0
      0.59          0          0          0
       0.6          0          0          0
      0.61          0          0          0
      0.62          0          0          0
      0.63          0          0          0
      0.64          0          0          0
      0.65          0          0          0
      0.66          0          0          0
      0.67          0          0          0
      0.68          0          0          0
      0.69          0          0          0
       0.7          0          0          0
      0.71          0          0          0
      0.72          0          0          0
      0.73          0          0          0
      0.74          0          0          0
      0.75          0          0          0
      0.76          0          0          0
      0.77          0          0          0
      0.78          0          0          0
      0.79          0          0          0
       0.8          0          0          0
      0.81          0          0          0
      0.82          0          0          0
      0.83          0          0          0
      0.84          0          0          0
      0.85          0          0          0
      0.86          0          0          0
      0.87          0          0          0
      0.88          0          0          0
      0.89          0          0          0
       0.9          0          0          0
      0.91          0          0          0
      0.92          0          0          0
      0.93          0          0          0
      0.94          0          0          0
      0.95          0          0          0
      0.96          0          0          0
      0.97          0          0          0
      0.98          0          0          0
      0.99          0          0          0
