         0          1   0.235879   0.381719
      0.01   0.953932   0.368471   0.531602
      0.02   0.953932   0.368471   0.531602
      0.03   0.953932   0.368471   0.531602
      0.04   0.953932   0.369153   0.532311
      0.05   0.953861   0.371352   0.534583
      0.06   0.950046   0.376941   0.539736
      0.07   0.945595   0.383473   0.545661
      0.08   0.936904   0.393177   0.553905
      0.09   0.925246   0.396957   0.555562
       0.1   0.891542   0.397551   0.549896
      0.11    0.85897   0.401465   0.547187
      0.12   0.815234   0.402606   0.539017
      0.13   0.783085   0.412653   0.540491
      0.14   0.763442   0.421644   0.543253
      0.15   0.716809   0.431104   0.538402
      0.16   0.687133   0.437752     0.5348
      0.17    0.65767   0.455497   0.538224
      0.18    0.64262   0.473417   0.545192
      0.19   0.612944   0.499871   0.550663
       0.2   0.589769   0.518203   0.551674
      0.21   0.550343   0.553463   0.551899
      0.22   0.521939   0.592048   0.554787
      0.23   0.496361   0.615691   0.549624
      0.24   0.465343   0.646688   0.541229
      0.25   0.439271   0.671192   0.531013
      0.26   0.408889   0.718772   0.521252
      0.27   0.378224   0.734593   0.499346
      0.28   0.317812   0.778356   0.451338
      0.29   0.281566   0.797954   0.416253
       0.3   0.227726    0.82699   0.357114
      0.31   0.182223   0.859813   0.300714
      0.32   0.157988   0.885475   0.268134
      0.33   0.145905   0.908088   0.251415
      0.34   0.125344       0.92   0.220629
      0.35   0.104854   0.961832   0.189094
      0.36  0.0797711   0.978261   0.147513
      0.37  0.0604112          1   0.113939
      0.38  0.0417579          1  0.0801682
      0.39  0.0224687          1    0.04395
       0.4  0.0174521          1  0.0343056
      0.41  0.0111637          1  0.0220809
      0.42 0.00303823          1 0.00605804
      0.43          0          0          0
      0.44          0          0          0
      0.45          0          0          0
      0.46          0          0          0
      0.47          0          0          0
      0.48          0          0          0
      0.49          0          0          0
       0.5          0          0          0
      0.51          0          0          0
      0.52          0          0          0
      0.53          0          0          0
      0.54          0          0          0
      0.55          0          0          0
      0.56          0          0          0
      0.57          0          0          0
      0.58          0          0          0
      0.59          0          0          0
       0.6          0          0          0
      0.61          0          0          0
      0.62          0          0          0
      0.63          0          0          0
      0.64          0          0          0
      0.65          0          0          0
      0.66          0          0          0
      0.67          0          0          0
      0.68          0          0          0
      0.69          0          0          0
       0.7          0          0          0
      0.71          0          0          0
      0.72          0          0          0
      0.73          0          0          0
      0.74          0          0          0
      0.75          0          0          0
      0.76          0          0          0
      0.77          0          0          0
      0.78          0          0          0
      0.79          0          0          0
       0.8          0          0          0
      0.81          0          0          0
      0.82          0          0          0
      0.83          0          0          0
      0.84          0          0          0
      0.85          0          0          0
      0.86          0          0          0
      0.87          0          0          0
      0.88          0          0          0
      0.89          0          0          0
       0.9          0          0          0
      0.91          0          0          0
      0.92          0          0          0
      0.93          0          0          0
      0.94          0          0          0
      0.95          0          0          0
      0.96          0          0          0
      0.97          0          0          0
      0.98          0          0          0
      0.99          0          0          0
