         0          1   0.265439    0.41952
      0.01   0.894764   0.332601    0.48494
      0.02   0.894764   0.332601    0.48494
      0.03   0.894764   0.332601    0.48494
      0.04   0.894764   0.332601    0.48494
      0.05   0.894764   0.332705   0.485051
      0.06   0.894724   0.333281   0.485657
      0.07   0.894405   0.334392   0.486788
      0.08   0.892767   0.339355   0.491777
      0.09   0.889253   0.346369    0.49855
       0.1    0.88458   0.358711   0.510433
      0.11   0.868645   0.372065   0.520979
      0.12   0.853469   0.385042   0.530671
      0.13   0.835696   0.405138   0.545717
      0.14   0.818164     0.4189     0.5541
      0.15   0.794281   0.438922   0.565402
      0.16   0.761093   0.453274   0.568171
      0.17    0.72467   0.480205   0.577636
      0.18   0.687368   0.498845   0.578125
      0.19   0.635009   0.534154   0.580232
       0.2   0.600823   0.552419   0.575605
      0.21   0.539279   0.574798   0.556472
      0.22   0.484085   0.601068   0.536271
      0.23   0.439594   0.599908   0.507389
      0.24   0.374735   0.613117   0.465164
      0.25   0.317225   0.612785    0.41804
      0.26   0.253125   0.626819   0.360622
      0.27   0.208035   0.625635   0.312244
      0.28   0.160829   0.622951   0.255655
      0.29   0.125684   0.636986   0.209944
       0.3  0.0933344   0.667797   0.163778
      0.31  0.0682935   0.711009   0.124617
      0.32  0.0585087       0.72   0.108223
      0.33  0.0466073   0.699248  0.0873898
      0.34   0.043612   0.737864  0.0823562
      0.35  0.0301929   0.730159  0.0579879
      0.36  0.0229242   0.673913  0.0443402
      0.37 0.00778785   0.652174  0.0153919
      0.38 0.00654978      0.625  0.0129637
      0.39 0.00407365   0.444444 0.00807329
       0.4 0.00351452        0.4 0.00696781
      0.41          0          0          0
      0.42          0          0          0
      0.43          0          0          0
      0.44          0          0          0
      0.45          0          0          0
      0.46          0          0          0
      0.47          0          0          0
      0.48          0          0          0
      0.49          0          0          0
       0.5          0          0          0
      0.51          0          0          0
      0.52          0          0          0
      0.53          0          0          0
      0.54          0          0          0
      0.55          0          0          0
      0.56          0          0          0
      0.57          0          0          0
      0.58          0          0          0
      0.59          0          0          0
       0.6          0          0          0
      0.61          0          0          0
      0.62          0          0          0
      0.63          0          0          0
      0.64          0          0          0
      0.65          0          0          0
      0.66          0          0          0
      0.67          0          0          0
      0.68          0          0          0
      0.69          0          0          0
       0.7          0          0          0
      0.71          0          0          0
      0.72          0          0          0
      0.73          0          0          0
      0.74          0          0          0
      0.75          0          0          0
      0.76          0          0          0
      0.77          0          0          0
      0.78          0          0          0
      0.79          0          0          0
       0.8          0          0          0
      0.81          0          0          0
      0.82          0          0          0
      0.83          0          0          0
      0.84          0          0          0
      0.85          0          0          0
      0.86          0          0          0
      0.87          0          0          0
      0.88          0          0          0
      0.89          0          0          0
       0.9          0          0          0
      0.91          0          0          0
      0.92          0          0          0
      0.93          0          0          0
      0.94          0          0          0
      0.95          0          0          0
      0.96          0          0          0
      0.97          0          0          0
      0.98          0          0          0
      0.99          0          0          0
