         0          1    0.32957   0.495755
      0.01   0.940133   0.427962   0.588177
      0.02   0.940133   0.427962   0.588177
      0.03   0.940133   0.427962   0.588177
      0.04   0.940133   0.427962   0.588177
      0.05   0.940133   0.428025   0.588237
      0.06   0.940133   0.429281   0.589422
      0.07   0.940133   0.432272   0.592235
      0.08    0.94009   0.442703   0.601942
      0.09   0.939707    0.45473   0.612882
       0.1   0.938048   0.481094   0.636003
      0.11    0.93358   0.515607   0.664318
      0.12    0.92256   0.545023    0.68523
      0.13   0.900051   0.588037   0.711334
      0.14   0.880138    0.61969   0.727301
      0.15   0.844864   0.662844   0.742867
      0.16   0.821462   0.688839   0.749328
      0.17   0.770743   0.725254   0.747307
      0.18    0.73849    0.74988   0.744141
      0.19    0.69777   0.771678   0.732866
       0.2    0.66939   0.786771   0.723349
      0.21     0.6225   0.802965   0.701309
      0.22   0.559995    0.80884   0.661798
      0.23   0.524381   0.809464   0.636457
      0.24   0.451579   0.819291   0.582238
      0.25   0.417624   0.827225   0.555038
      0.26   0.365841   0.835587   0.508881
      0.27    0.33244   0.837445   0.475944
      0.28   0.289124   0.855519   0.432189
      0.29   0.265424   0.864813   0.406184
       0.3   0.218237   0.879503     0.3497
      0.31   0.177006   0.910095   0.296371
      0.32   0.151008   0.925714    0.25966
      0.33   0.126117   0.930864   0.222138
      0.34    0.11348   0.947674   0.202688
      0.35  0.0957791   0.967273   0.174299
      0.36  0.0839503    0.96861   0.154509
      0.37  0.0668028     0.9625   0.124935
      0.38  0.0591439   0.972973    0.11151
      0.39  0.0333589   0.980392  0.0645223
       0.4  0.0194877          1  0.0382304
      0.41  0.0048932          1 0.00973875
      0.42          0          0          0
      0.43          0          0          0
      0.44          0          0          0
      0.45          0          0          0
      0.46          0          0          0
      0.47          0          0          0
      0.48          0          0          0
      0.49          0          0          0
       0.5          0          0          0
      0.51          0          0          0
      0.52          0          0          0
      0.53          0          0          0
      0.54          0          0          0
      0.55          0          0          0
      0.56          0          0          0
      0.57          0          0          0
      0.58          0          0          0
      0.59          0          0          0
       0.6          0          0          0
      0.61          0          0          0
      0.62          0          0          0
      0.63          0          0          0
      0.64          0          0          0
      0.65          0          0          0
      0.66          0          0          0
      0.67          0          0          0
      0.68          0          0          0
      0.69          0          0          0
       0.7          0          0          0
      0.71          0          0          0
      0.72          0          0          0
      0.73          0          0          0
      0.74          0          0          0
      0.75          0          0          0
      0.76          0          0          0
      0.77          0          0          0
      0.78          0          0          0
      0.79          0          0          0
       0.8          0          0          0
      0.81          0          0          0
      0.82          0          0          0
      0.83          0          0          0
      0.84          0          0          0
      0.85          0          0          0
      0.86          0          0          0
      0.87          0          0          0
      0.88          0          0          0
      0.89          0          0          0
       0.9          0          0          0
      0.91          0          0          0
      0.92          0          0          0
      0.93          0          0          0
      0.94          0          0          0
      0.95          0          0          0
      0.96          0          0          0
      0.97          0          0          0
      0.98          0          0          0
      0.99          0          0          0
