         0          1   0.256164   0.407851
      0.01   0.973418   0.467582   0.631718
      0.02   0.973418   0.467582   0.631718
      0.03   0.973418   0.467582   0.631718
      0.04   0.973418   0.467614   0.631747
      0.05   0.973418   0.468346   0.632415
      0.06   0.973418   0.473869   0.637431
      0.07   0.973128   0.481857   0.644554
      0.08   0.973012   0.499816   0.660399
      0.09   0.972664   0.514319   0.672851
       0.1   0.972432   0.539162   0.693703
      0.11   0.970342   0.558779   0.709174
      0.12   0.966164   0.570166    0.71713
      0.13   0.953976   0.577117   0.719167
      0.14   0.942948   0.580263   0.718427
      0.15   0.914974   0.581535   0.711108
      0.16   0.894777    0.58272   0.705794
      0.17   0.869298   0.586403   0.700362
      0.18   0.852351    0.58917   0.696736
      0.19   0.832559   0.598367   0.696298
       0.2   0.815206   0.605339    0.69477
      0.21   0.782821    0.62329   0.694006
      0.22   0.744515   0.630399   0.682721
      0.23   0.715206   0.634472   0.672424
      0.24   0.667441    0.64749   0.657314
      0.25   0.645444   0.661351     0.6533
      0.26   0.617179   0.671492   0.643191
      0.27   0.595937   0.677231   0.633989
      0.28   0.559257   0.686953   0.616563
      0.29   0.524144   0.683375   0.593261
       0.3   0.461927    0.67364   0.548048
      0.31   0.392165   0.687333   0.499395
      0.32   0.337551   0.687451   0.452779
      0.33    0.28433   0.695481   0.403641
      0.34   0.231805   0.696067   0.347789
      0.35   0.193035   0.719033   0.304361
      0.36   0.164887   0.713768   0.267889
      0.37   0.140569   0.706294   0.234472
      0.38   0.114161    0.68272   0.195613
      0.39  0.0770749   0.698113   0.138823
       0.4  0.0731283    0.70339   0.132483
      0.41  0.0670342       0.75   0.123069
      0.42   0.059083   0.768786   0.109733
      0.43  0.0475914   0.757143  0.0895538
      0.44  0.0366802    0.72449  0.0698252
      0.45   0.025711   0.695652  0.0495891
      0.46  0.0142194   0.571429  0.0277483
      0.47  0.0117818   0.588235  0.0231009
      0.48 0.00574579   0.571429  0.0113772
      0.49 0.000406268   0.333333 0.000811547
       0.5          0          0          0
      0.51          0          0          0
      0.52          0          0          0
      0.53          0          0          0
      0.54          0          0          0
      0.55          0          0          0
      0.56          0          0          0
      0.57          0          0          0
      0.58          0          0          0
      0.59          0          0          0
       0.6          0          0          0
      0.61          0          0          0
      0.62          0          0          0
      0.63          0          0          0
      0.64          0          0          0
      0.65          0          0          0
      0.66          0          0          0
      0.67          0          0          0
      0.68          0          0          0
      0.69          0          0          0
       0.7          0          0          0
      0.71          0          0          0
      0.72          0          0          0
      0.73          0          0          0
      0.74          0          0          0
      0.75          0          0          0
      0.76          0          0          0
      0.77          0          0          0
      0.78          0          0          0
      0.79          0          0          0
       0.8          0          0          0
      0.81          0          0          0
      0.82          0          0          0
      0.83          0          0          0
      0.84          0          0          0
      0.85          0          0          0
      0.86          0          0          0
      0.87          0          0          0
      0.88          0          0          0
      0.89          0          0          0
       0.9          0          0          0
      0.91          0          0          0
      0.92          0          0          0
      0.93          0          0          0
      0.94          0          0          0
      0.95          0          0          0
      0.96          0          0          0
      0.97          0          0          0
      0.98          0          0          0
      0.99          0          0          0
