         0          1   0.382258   0.553092
      0.01   0.885787   0.532961   0.665502
      0.02   0.885787   0.532961   0.665502
      0.03   0.885787   0.532961   0.665502
      0.04   0.885787   0.532961   0.665502
      0.05   0.885787   0.532961   0.665502
      0.06   0.885787   0.532995   0.665528
      0.07   0.885787   0.533166   0.665662
      0.08   0.885787   0.534854   0.666976
      0.09   0.885572   0.537788   0.669191
       0.1   0.884785   0.543368   0.673266
      0.11   0.884463   0.549363   0.677755
      0.12   0.883425    0.55486   0.681613
      0.13   0.880883    0.56437   0.687968
      0.14   0.877734   0.572564   0.693042
      0.15   0.872544   0.583314   0.699199
      0.16   0.867855   0.591902   0.703796
      0.17   0.859838   0.602982   0.708859
      0.18   0.855471   0.612271   0.713722
      0.19   0.841798   0.620168   0.714184
       0.2   0.831454   0.627479   0.715207
      0.21    0.81252   0.640918   0.716589
      0.22   0.797917   0.650372   0.716629
      0.23   0.788647   0.658472   0.717704
      0.24   0.771359   0.669339   0.716737
      0.25   0.755431   0.677764   0.714493
      0.26   0.731988   0.692266   0.711573
      0.27   0.719854   0.701694   0.710658
      0.28   0.700526   0.715701   0.708032
      0.29   0.681735   0.725298   0.702842
       0.3   0.657504    0.74567   0.698817
      0.31   0.631411   0.767321   0.692763
      0.32   0.619994   0.780388   0.691005
      0.33   0.599019   0.791196   0.681825
      0.34   0.577508   0.799682   0.670674
      0.35   0.539533   0.803873   0.645696
      0.36   0.514048   0.811634   0.629441
      0.37   0.465371   0.813423   0.592032
      0.38   0.435449   0.816081   0.567883
      0.39   0.389742   0.816029   0.527531
       0.4   0.360464   0.810791   0.499056
      0.41    0.31737   0.823529   0.458171
      0.42   0.241526   0.822819   0.373436
      0.43   0.208418   0.822259   0.332546
      0.44   0.164501   0.847222   0.275508
      0.45   0.134507   0.857143   0.232526
      0.46  0.0960306   0.852217   0.172611
      0.47  0.0597015   0.876033   0.111785
      0.48  0.0347185   0.962963  0.0670206
      0.49  0.0158918          1  0.0312863
       0.5 0.00529725          1  0.0105387
      0.51 0.000930599          1 0.00185947
      0.52 0.000930599          1 0.00185947
      0.53          0          0          0
      0.54          0          0          0
      0.55          0          0          0
      0.56          0          0          0
      0.57          0          0          0
      0.58          0          0          0
      0.59          0          0          0
       0.6          0          0          0
      0.61          0          0          0
      0.62          0          0          0
      0.63          0          0          0
      0.64          0          0          0
      0.65          0          0          0
      0.66          0          0          0
      0.67          0          0          0
      0.68          0          0          0
      0.69          0          0          0
       0.7          0          0          0
      0.71          0          0          0
      0.72          0          0          0
      0.73          0          0          0
      0.74          0          0          0
      0.75          0          0          0
      0.76          0          0          0
      0.77          0          0          0
      0.78          0          0          0
      0.79          0          0          0
       0.8          0          0          0
      0.81          0          0          0
      0.82          0          0          0
      0.83          0          0          0
      0.84          0          0          0
      0.85          0          0          0
      0.86          0          0          0
      0.87          0          0          0
      0.88          0          0          0
      0.89          0          0          0
       0.9          0          0          0
      0.91          0          0          0
      0.92          0          0          0
      0.93          0          0          0
      0.94          0          0          0
      0.95          0          0          0
      0.96          0          0          0
      0.97          0          0          0
      0.98          0          0          0
      0.99          0          0          0
