         0          1   0.173626   0.295879
      0.01    0.92045   0.534053   0.675927
      0.02    0.92045   0.536573   0.677942
      0.03   0.918413   0.553211   0.690497
      0.04   0.900175    0.61063   0.727656
      0.05   0.864571   0.646276   0.739653
      0.06   0.800543   0.681479   0.736228
      0.07   0.773477   0.698819   0.734255
      0.08   0.746314   0.710944     0.7282
      0.09   0.740299   0.718837    0.72941
       0.1   0.731665   0.742015   0.736803
      0.11    0.72565   0.768711    0.74656
      0.12   0.723322   0.788907   0.754692
      0.13   0.721575    0.80303   0.760127
      0.14   0.710807     0.8125   0.758259
      0.15   0.702076   0.829387    0.76044
      0.16   0.694412   0.840981   0.760701
      0.17    0.68151   0.849441   0.756265
      0.18   0.675786    0.85521   0.754984
      0.19   0.656286   0.862606   0.745434
       0.2   0.645712   0.870139   0.741312
      0.21    0.63572   0.874613   0.736273
      0.22   0.627765   0.879902    0.73275
      0.23   0.608362   0.891267    0.72313
      0.24   0.591385   0.919043   0.719675
      0.25   0.581005   0.932302   0.715879
      0.26   0.573147      0.934   0.710374
      0.27   0.567811   0.938285   0.707483
      0.28   0.543073   0.945763    0.68996
      0.29   0.530268   0.947619   0.680014
       0.3   0.501552   0.946684    0.65571
      0.31   0.470605   0.951542   0.629753
      0.32   0.456054    0.95915   0.618178
      0.33   0.404152   0.952577   0.567521
      0.34   0.362049   0.945137   0.523546
      0.35    0.27988   0.952191   0.432603
      0.36   0.223419   0.951807    0.36189
      0.37   0.128056   0.951807   0.225741
      0.38  0.0772216   0.941176   0.142732
      0.39  0.0454986   0.869565  0.0864727
       0.4  0.0278425   0.909091  0.0540301
      0.41  0.0179472        0.8  0.0351069
      0.42          0          0          0
      0.43          0          0          0
      0.44          0          0          0
      0.45          0          0          0
      0.46          0          0          0
      0.47          0          0          0
      0.48          0          0          0
      0.49          0          0          0
       0.5          0          0          0
      0.51          0          0          0
      0.52          0          0          0
      0.53          0          0          0
      0.54          0          0          0
      0.55          0          0          0
      0.56          0          0          0
      0.57          0          0          0
      0.58          0          0          0
      0.59          0          0          0
       0.6          0          0          0
      0.61          0          0          0
      0.62          0          0          0
      0.63          0          0          0
      0.64          0          0          0
      0.65          0          0          0
      0.66          0          0          0
      0.67          0          0          0
      0.68          0          0          0
      0.69          0          0          0
       0.7          0          0          0
      0.71          0          0          0
      0.72          0          0          0
      0.73          0          0          0
      0.74          0          0          0
      0.75          0          0          0
      0.76          0          0          0
      0.77          0          0          0
      0.78          0          0          0
      0.79          0          0          0
       0.8          0          0          0
      0.81          0          0          0
      0.82          0          0          0
      0.83          0          0          0
      0.84          0          0          0
      0.85          0          0          0
      0.86          0          0          0
      0.87          0          0          0
      0.88          0          0          0
      0.89          0          0          0
       0.9          0          0          0
      0.91          0          0          0
      0.92          0          0          0
      0.93          0          0          0
      0.94          0          0          0
      0.95          0          0          0
      0.96          0          0          0
      0.97          0          0          0
      0.98          0          0          0
      0.99          0          0          0
