         0          1   0.331079    0.49746
      0.01   0.925929   0.289346   0.440911
      0.02   0.925929   0.289346   0.440911
      0.03   0.925929   0.289346   0.440911
      0.04   0.925929   0.289346   0.440911
      0.05   0.925929   0.289346   0.440911
      0.06   0.925929   0.289346   0.440911
      0.07   0.925929   0.289368   0.440936
      0.08   0.925929   0.289408   0.440982
      0.09    0.92568   0.289469   0.441025
       0.1    0.92568   0.289997   0.441638
      0.11   0.925556    0.29092   0.442693
      0.12   0.924892     0.2915   0.443288
      0.13   0.923731   0.292902   0.444772
      0.14   0.921118   0.293893   0.445609
      0.15   0.912948   0.296661   0.447808
      0.16   0.908096   0.299219   0.450123
      0.17   0.898515   0.303805   0.454078
      0.18    0.88711   0.306387   0.455467
      0.19   0.872678   0.311406   0.459016
       0.2   0.862392   0.316955   0.463544
      0.21   0.843024   0.325728   0.469897
      0.22   0.813786   0.330394   0.469979
      0.23   0.790561   0.334474   0.470069
      0.24   0.749502   0.342292   0.469958
      0.25   0.714706   0.342529   0.463109
      0.26   0.661082    0.34747   0.455516
      0.27   0.621184   0.349587   0.447392
      0.28    0.55545   0.354383   0.432699
      0.29   0.512857   0.361784   0.424273
       0.3   0.446997   0.363808   0.401135
      0.31   0.390801    0.37191   0.381122
      0.32   0.343937   0.362542   0.352994
      0.33   0.309307   0.367105   0.335736
      0.34    0.26858   0.371443   0.311746
      0.35   0.218024   0.375255   0.275805
      0.36   0.184472   0.376132    0.24754
      0.37   0.149594   0.372571   0.213474
      0.38   0.127364   0.353022   0.187192
      0.39  0.0955956   0.362205   0.151268
       0.4  0.0742784    0.34715   0.122373
      0.41  0.0525464   0.348361  0.0913185
      0.42  0.0365793   0.378205  0.0667068
      0.43  0.0238885   0.364407  0.0448377
      0.44  0.0118613   0.413793  0.0230616
      0.45 0.00933145   0.411765  0.0182493
      0.46 0.00356669     0.3125 0.00705288
      0.47 0.00207366   0.285714 0.00411743
      0.48          0          0          0
      0.49          0          0          0
       0.5          0          0          0
      0.51          0          0          0
      0.52          0          0          0
      0.53          0          0          0
      0.54          0          0          0
      0.55          0          0          0
      0.56          0          0          0
      0.57          0          0          0
      0.58          0          0          0
      0.59          0          0          0
       0.6          0          0          0
      0.61          0          0          0
      0.62          0          0          0
      0.63          0          0          0
      0.64          0          0          0
      0.65          0          0          0
      0.66          0          0          0
      0.67          0          0          0
      0.68          0          0          0
      0.69          0          0          0
       0.7          0          0          0
      0.71          0          0          0
      0.72          0          0          0
      0.73          0          0          0
      0.74          0          0          0
      0.75          0          0          0
      0.76          0          0          0
      0.77          0          0          0
      0.78          0          0          0
      0.79          0          0          0
       0.8          0          0          0
      0.81          0          0          0
      0.82          0          0          0
      0.83          0          0          0
      0.84          0          0          0
      0.85          0          0          0
      0.86          0          0          0
      0.87          0          0          0
      0.88          0          0          0
      0.89          0          0          0
       0.9          0          0          0
      0.91          0          0          0
      0.92          0          0          0
      0.93          0          0          0
      0.94          0          0          0
      0.95          0          0          0
      0.96          0          0          0
      0.97          0          0          0
      0.98          0          0          0
      0.99          0          0          0
