         0          1   0.339259   0.506637
      0.01    0.98419   0.755136   0.854581
      0.02    0.98419   0.755136   0.854581
      0.03    0.98419   0.755345   0.854715
      0.04    0.98419   0.763853   0.860135
      0.05   0.984152   0.780551   0.870606
      0.06   0.984036   0.810302   0.888758
      0.07   0.983456   0.826589   0.898225
      0.08   0.980325   0.842908   0.906438
      0.09   0.978237   0.850197   0.909734
       0.1   0.968458   0.860743   0.911429
      0.11   0.954271   0.870792   0.910622
      0.12   0.940008   0.876545   0.907168
      0.13   0.924894   0.882403   0.903149
      0.14   0.911944   0.885693   0.898627
      0.15   0.883726   0.886114   0.884919
      0.16   0.870197   0.889211   0.879601
      0.17   0.846502   0.892948   0.869105
      0.18   0.831272   0.893199   0.861123
      0.19   0.784306   0.890321   0.833958
       0.2   0.718786   0.885511   0.793485
      0.21   0.639853   0.879682   0.740841
      0.22   0.573135   0.873556   0.692153
      0.23   0.530653   0.871821   0.659741
      0.24   0.480827    0.86976   0.619292
      0.25    0.44712   0.870507   0.590791
      0.26   0.394356   0.874299   0.543545
      0.27   0.361461   0.873658   0.511357
      0.28   0.314302   0.877709   0.462858
      0.29   0.285968   0.880783   0.431756
       0.3   0.226595   0.891765   0.361367
      0.31    0.18218   0.899237   0.302979
      0.32   0.150792   0.904085   0.258474
      0.33   0.113877   0.918919   0.202642
      0.34  0.0913027    0.92562    0.16621
      0.35   0.077155   0.924399   0.142423
      0.36  0.0671821   0.919028   0.125211
      0.37  0.0549671   0.909091   0.103666
      0.38  0.0486664        0.9  0.0923397
      0.39  0.0367607   0.857143   0.070498
       0.4  0.0286432   0.833333  0.0553828
      0.41  0.0172787   0.784314  0.0338125
      0.42  0.0112486   0.735294  0.0221581
      0.43 0.00865868       0.72  0.0171116
      0.44 0.00351759   0.533333 0.00698908
      0.45 0.00262853        0.5 0.00522956
      0.46 0.00262853   0.571429 0.00523298
      0.47 0.00170081          1 0.00339585
      0.48          0          0          0
      0.49          0          0          0
       0.5          0          0          0
      0.51          0          0          0
      0.52          0          0          0
      0.53          0          0          0
      0.54          0          0          0
      0.55          0          0          0
      0.56          0          0          0
      0.57          0          0          0
      0.58          0          0          0
      0.59          0          0          0
       0.6          0          0          0
      0.61          0          0          0
      0.62          0          0          0
      0.63          0          0          0
      0.64          0          0          0
      0.65          0          0          0
      0.66          0          0          0
      0.67          0          0          0
      0.68          0          0          0
      0.69          0          0          0
       0.7          0          0          0
      0.71          0          0          0
      0.72          0          0          0
      0.73          0          0          0
      0.74          0          0          0
      0.75          0          0          0
      0.76          0          0          0
      0.77          0          0          0
      0.78          0          0          0
      0.79          0          0          0
       0.8          0          0          0
      0.81          0          0          0
      0.82          0          0          0
      0.83          0          0          0
      0.84          0          0          0
      0.85          0          0          0
      0.86          0          0          0
      0.87          0          0          0
      0.88          0          0          0
      0.89          0          0          0
       0.9          0          0          0
      0.91          0          0          0
      0.92          0          0          0
      0.93          0          0          0
      0.94          0          0          0
      0.95          0          0          0
      0.96          0          0          0
      0.97          0          0          0
      0.98          0          0          0
      0.99          0          0          0
