         0          1   0.393948   0.565226
      0.01   0.959677   0.423972   0.588121
      0.02   0.959677   0.423972   0.588121
      0.03   0.959677   0.423972   0.588121
      0.04   0.959677   0.423987   0.588135
      0.05   0.959677   0.424093   0.588237
      0.06   0.959607   0.425389   0.589469
      0.07   0.959571   0.428193   0.592149
      0.08   0.957308   0.434664   0.597867
      0.09   0.953771   0.441406   0.603508
       0.1   0.941179   0.453366   0.611954
      0.11   0.912776   0.460661   0.612304
      0.12   0.885753   0.466411   0.611058
      0.13   0.835208   0.472933   0.603907
      0.14   0.797149   0.476899   0.596775
      0.15   0.740096   0.484278   0.585462
      0.16   0.683114   0.484039   0.566599
      0.17   0.611488   0.491796   0.545149
      0.18    0.55012   0.492852   0.519914
      0.19   0.474533   0.496327   0.485186
       0.2   0.422008   0.502974   0.458947
      0.21   0.355405   0.530075   0.425512
      0.22   0.276988   0.571328   0.373094
      0.23   0.234402   0.591388   0.335733
      0.24   0.187005   0.638591   0.289293
      0.25   0.144348   0.660981    0.23695
      0.26   0.109508   0.721649   0.190159
      0.27  0.0894878   0.745283   0.159789
      0.28  0.0702816   0.765152   0.128738
      0.29  0.0548953   0.802326    0.10276
       0.3  0.0351938   0.930233  0.0678217
      0.31  0.0168011          1  0.0330469
      0.32  0.0103636          1  0.0205146
      0.33 0.00512875          1  0.0102052
      0.34          0          0          0
      0.35          0          0          0
      0.36          0          0          0
      0.37          0          0          0
      0.38          0          0          0
      0.39          0          0          0
       0.4          0          0          0
      0.41          0          0          0
      0.42          0          0          0
      0.43          0          0          0
      0.44          0          0          0
      0.45          0          0          0
      0.46          0          0          0
      0.47          0          0          0
      0.48          0          0          0
      0.49          0          0          0
       0.5          0          0          0
      0.51          0          0          0
      0.52          0          0          0
      0.53          0          0          0
      0.54          0          0          0
      0.55          0          0          0
      0.56          0          0          0
      0.57          0          0          0
      0.58          0          0          0
      0.59          0          0          0
       0.6          0          0          0
      0.61          0          0          0
      0.62          0          0          0
      0.63          0          0          0
      0.64          0          0          0
      0.65          0          0          0
      0.66          0          0          0
      0.67          0          0          0
      0.68          0          0          0
      0.69          0          0          0
       0.7          0          0          0
      0.71          0          0          0
      0.72          0          0          0
      0.73          0          0          0
      0.74          0          0          0
      0.75          0          0          0
      0.76          0          0          0
      0.77          0          0          0
      0.78          0          0          0
      0.79          0          0          0
       0.8          0          0          0
      0.81          0          0          0
      0.82          0          0          0
      0.83          0          0          0
      0.84          0          0          0
      0.85          0          0          0
      0.86          0          0          0
      0.87          0          0          0
      0.88          0          0          0
      0.89          0          0          0
       0.9          0          0          0
      0.91          0          0          0
      0.92          0          0          0
      0.93          0          0          0
      0.94          0          0          0
      0.95          0          0          0
      0.96          0          0          0
      0.97          0          0          0
      0.98          0          0          0
      0.99          0          0          0
