         0          1   0.310743   0.474148
      0.01   0.950106   0.347028   0.508372
      0.02   0.950106   0.347028   0.508372
      0.03   0.950106   0.347028   0.508372
      0.04   0.950106   0.347044   0.508389
      0.05   0.950106   0.347156   0.508509
      0.06   0.950066   0.348681   0.510138
      0.07   0.950026   0.351493   0.513135
      0.08   0.949906   0.364135   0.526459
      0.09   0.949826   0.378237   0.541028
       0.1   0.949384   0.411595   0.574236
      0.11   0.944451   0.459048   0.617811
      0.12   0.941844   0.498691   0.652104
      0.13   0.934264   0.559695   0.700023
      0.14   0.928007   0.602556    0.73068
      0.15   0.917218   0.655003   0.764245
      0.16   0.906991   0.688981   0.783096
      0.17   0.883408   0.733713   0.801632
      0.18   0.865881   0.760548   0.809803
      0.19   0.841134   0.794559   0.817183
       0.2   0.816067   0.813926   0.814995
      0.21   0.777644   0.839682   0.807473
      0.22   0.735772   0.869048   0.796876
      0.23   0.706213   0.888525   0.786948
      0.24   0.647816   0.901559    0.75391
      0.25   0.603217   0.904977   0.723909
      0.26   0.539967   0.908151   0.677254
      0.27   0.486143   0.909218   0.633542
      0.28   0.420086   0.907939   0.574405
      0.29   0.387117   0.905222   0.542315
       0.3   0.310151   0.895758   0.460765
      0.31   0.252196   0.882789   0.392315
      0.32   0.211768   0.865285   0.340261
      0.33   0.169374   0.842217    0.28203
      0.34   0.147235   0.824257   0.249841
      0.35   0.123611   0.783439   0.213532
      0.36   0.108451   0.764259   0.189947
      0.37  0.0781294   0.784091     0.1421
      0.38  0.0610837   0.892562   0.114342
      0.39  0.0418722   0.894737  0.0800005
       0.4   0.029479          1  0.0572698
      0.41  0.0225003          1  0.0440104
      0.42 0.00437172          1 0.00870537
      0.43 0.00437172          1 0.00870537
      0.44 0.00421129          1 0.00838725
      0.45 0.00340914          1 0.00679511
      0.46          0          0          0
      0.47          0          0          0
      0.48          0          0          0
      0.49          0          0          0
       0.5          0          0          0
      0.51          0          0          0
      0.52          0          0          0
      0.53          0          0          0
      0.54          0          0          0
      0.55          0          0          0
      0.56          0          0          0
      0.57          0          0          0
      0.58          0          0          0
      0.59          0          0          0
       0.6          0          0          0
      0.61          0          0          0
      0.62          0          0          0
      0.63          0          0          0
      0.64          0          0          0
      0.65          0          0          0
      0.66          0          0          0
      0.67          0          0          0
      0.68          0          0          0
      0.69          0          0          0
       0.7          0          0          0
      0.71          0          0          0
      0.72          0          0          0
      0.73          0          0          0
      0.74          0          0          0
      0.75          0          0          0
      0.76          0          0          0
      0.77          0          0          0
      0.78          0          0          0
      0.79          0          0          0
       0.8          0          0          0
      0.81          0          0          0
      0.82          0          0          0
      0.83          0          0          0
      0.84          0          0          0
      0.85          0          0          0
      0.86          0          0          0
      0.87          0          0          0
      0.88          0          0          0
      0.89          0          0          0
       0.9          0          0          0
      0.91          0          0          0
      0.92          0          0          0
      0.93          0          0          0
      0.94          0          0          0
      0.95          0          0          0
      0.96          0          0          0
      0.97          0          0          0
      0.98          0          0          0
      0.99          0          0          0
