         0          1   0.172013   0.293534
      0.01   0.973967   0.221455   0.360859
      0.02   0.973967   0.221466   0.360875
      0.03   0.973967    0.22149   0.360906
      0.04   0.973896   0.221867   0.361401
      0.05   0.973896    0.22424   0.364543
      0.06   0.972246   0.234444   0.377789
      0.07   0.970955    0.24799   0.395075
      0.08   0.968517   0.277504   0.431401
      0.09    0.96572   0.301845   0.459934
       0.1   0.952022   0.341617   0.502809
      0.11   0.916236   0.374352   0.531532
      0.12   0.879518   0.398625   0.548605
      0.13   0.839357    0.42956   0.568287
      0.14    0.82401   0.454266   0.585663
      0.15   0.775387   0.489302   0.599987
      0.16   0.742828   0.507659    0.60313
      0.17   0.691193   0.527346   0.598254
      0.18   0.650674   0.540095    0.59025
      0.19   0.600904   0.555188   0.577142
       0.2   0.568488   0.566231   0.567357
      0.21    0.51004   0.570957   0.538782
      0.22   0.451807   0.586245   0.510321
      0.23   0.419177   0.589602   0.489993
      0.24   0.368689   0.586498    0.45276
      0.25    0.34574   0.586234   0.434957
      0.26   0.294822   0.578855   0.390669
      0.27   0.270941   0.570225   0.367341
      0.28   0.245912   0.556584   0.341113
      0.29   0.229776   0.539735    0.32233
       0.3   0.207042   0.515337   0.295403
      0.31   0.170683   0.467606   0.250082
      0.32   0.151535   0.438462   0.225229
      0.33   0.124283   0.408663     0.1906
      0.34   0.106354   0.428571   0.170417
      0.35  0.0872777   0.613527   0.152816
      0.36  0.0699943   0.825688   0.129049
      0.37  0.0508462   0.913793  0.0963323
      0.38  0.0331325   0.972973  0.0640829
      0.39    0.01714          1  0.0337023
       0.4  0.0125502          1  0.0247893
      0.41 0.00329891          1 0.00657613
      0.42          0          0          0
      0.43          0          0          0
      0.44          0          0          0
      0.45          0          0          0
      0.46          0          0          0
      0.47          0          0          0
      0.48          0          0          0
      0.49          0          0          0
       0.5          0          0          0
      0.51          0          0          0
      0.52          0          0          0
      0.53          0          0          0
      0.54          0          0          0
      0.55          0          0          0
      0.56          0          0          0
      0.57          0          0          0
      0.58          0          0          0
      0.59          0          0          0
       0.6          0          0          0
      0.61          0          0          0
      0.62          0          0          0
      0.63          0          0          0
      0.64          0          0          0
      0.65          0          0          0
      0.66          0          0          0
      0.67          0          0          0
      0.68          0          0          0
      0.69          0          0          0
       0.7          0          0          0
      0.71          0          0          0
      0.72          0          0          0
      0.73          0          0          0
      0.74          0          0          0
      0.75          0          0          0
      0.76          0          0          0
      0.77          0          0          0
      0.78          0          0          0
      0.79          0          0          0
       0.8          0          0          0
      0.81          0          0          0
      0.82          0          0          0
      0.83          0          0          0
      0.84          0          0          0
      0.85          0          0          0
      0.86          0          0          0
      0.87          0          0          0
      0.88          0          0          0
      0.89          0          0          0
       0.9          0          0          0
      0.91          0          0          0
      0.92          0          0          0
      0.93          0          0          0
      0.94          0          0          0
      0.95          0          0          0
      0.96          0          0          0
      0.97          0          0          0
      0.98          0          0          0
      0.99          0          0          0
