         0          1   0.391539   0.562742
      0.01   0.875491   0.479922   0.619984
      0.02   0.875491   0.479922   0.619984
      0.03   0.875491   0.479922   0.619984
      0.04   0.875491   0.480026   0.620071
      0.05   0.875421   0.480505   0.620453
      0.06   0.873914   0.483452   0.622523
      0.07   0.872021   0.487116   0.625066
      0.08   0.863646   0.495607     0.6298
      0.09   0.852712   0.503461   0.633116
       0.1   0.824187    0.51594   0.634613
      0.11   0.787917    0.52134    0.62749
      0.12   0.761144   0.522666   0.619755
      0.13   0.714361   0.517389   0.600126
      0.14   0.676794   0.513605   0.584014
      0.15   0.622021   0.505275   0.557603
      0.16   0.581932   0.502544   0.539332
      0.17   0.530698   0.494398   0.511905
      0.18   0.502979   0.494193   0.498547
      0.19   0.457457    0.50269   0.479008
       0.2    0.43121   0.512871   0.468508
      0.21   0.389753     0.5263    0.44785
      0.22   0.349874   0.546752   0.426698
      0.23   0.323136   0.566079    0.41142
      0.24    0.29065   0.620434   0.395857
      0.25    0.26626    0.65857   0.379207
      0.26   0.235071   0.712413     0.3535
      0.27   0.215412    0.74922   0.334617
      0.28   0.187623   0.810321   0.304696
      0.29   0.164459   0.842365   0.275191
       0.3   0.132289   0.904555   0.230821
      0.31   0.111473   0.922865   0.198919
      0.32  0.0922694    0.92029   0.167723
      0.33  0.0688253   0.924623   0.128114
      0.34  0.0558943   0.934211   0.105478
      0.35  0.0405102   0.959184  0.0777373
      0.36  0.0319947          1  0.0620055
      0.37  0.0187833          1   0.036874
      0.38  0.0106182          1  0.0210132
      0.39 0.00960191          1  0.0190212
       0.4 0.00728904          1  0.0144726
      0.41 0.00350435          1 0.00698422
      0.42 0.000350435          1 0.000700624
      0.43 0.000350435          1 0.000700624
      0.44          0          0          0
      0.45          0          0          0
      0.46          0          0          0
      0.47          0          0          0
      0.48          0          0          0
      0.49          0          0          0
       0.5          0          0          0
      0.51          0          0          0
      0.52          0          0          0
      0.53          0          0          0
      0.54          0          0          0
      0.55          0          0          0
      0.56          0          0          0
      0.57          0          0          0
      0.58          0          0          0
      0.59          0          0          0
       0.6          0          0          0
      0.61          0          0          0
      0.62          0          0          0
      0.63          0          0          0
      0.64          0          0          0
      0.65          0          0          0
      0.66          0          0          0
      0.67          0          0          0
      0.68          0          0          0
      0.69          0          0          0
       0.7          0          0          0
      0.71          0          0          0
      0.72          0          0          0
      0.73          0          0          0
      0.74          0          0          0
      0.75          0          0          0
      0.76          0          0          0
      0.77          0          0          0
      0.78          0          0          0
      0.79          0          0          0
       0.8          0          0          0
      0.81          0          0          0
      0.82          0          0          0
      0.83          0          0          0
      0.84          0          0          0
      0.85          0          0          0
      0.86          0          0          0
      0.87          0          0          0
      0.88          0          0          0
      0.89          0          0          0
       0.9          0          0          0
      0.91          0          0          0
      0.92          0          0          0
      0.93          0          0          0
      0.94          0          0          0
      0.95          0          0          0
      0.96          0          0          0
      0.97          0          0          0
      0.98          0          0          0
      0.99          0          0          0
