         0          1   0.216663    0.35616
      0.01   0.996649   0.699411   0.821984
      0.02   0.996649   0.699411   0.821984
      0.03   0.996649   0.700393   0.822662
      0.04   0.996649   0.701675   0.823546
      0.05   0.996649   0.701675   0.823546
      0.06   0.996649   0.703306   0.824668
      0.07   0.996649   0.706225   0.826671
      0.08   0.996649   0.715153   0.832756
      0.09   0.996649   0.723605   0.838457
       0.1   0.996649   0.738985   0.848691
      0.11    0.99606   0.759649   0.861938
      0.12   0.994882   0.781655   0.875472
      0.13   0.992301   0.816584   0.895908
      0.14    0.99067   0.841036   0.909741
      0.15     0.9875   0.870794   0.925482
      0.16   0.983832   0.888774    0.93389
      0.17   0.974049   0.915626   0.943934
      0.18   0.971014   0.931042   0.950608
      0.19   0.967663   0.949608    0.95855
       0.2   0.965399   0.957296    0.96133
      0.21   0.961187   0.966574   0.963873
      0.22   0.951268   0.974777   0.962879
      0.23   0.944293   0.978384   0.961037
      0.24   0.937002   0.988132   0.961888
      0.25   0.923007   0.992664   0.956569
      0.26   0.903125   0.995943   0.947266
      0.27   0.870652   0.996344   0.929267
      0.28   0.828397   0.997813   0.905247
      0.29   0.786911   0.998416   0.880135
       0.3   0.719203    0.99912   0.836362
      0.31    0.64298   0.999504   0.782548
      0.32   0.611141          1   0.758644
      0.33   0.531612          1   0.694187
      0.34   0.490987          1   0.658607
      0.35   0.389991          1   0.561142
      0.36   0.318931          1   0.483621
      0.37   0.200861          1   0.334528
      0.38   0.147962          1   0.257782
      0.39  0.0824275          1   0.152301
       0.4  0.0605978          1   0.114271
      0.41  0.0230072          1  0.0449796
      0.42  0.0100091          1  0.0198197
      0.43 0.00652174          1   0.012959
      0.44          0          0          0
      0.45          0          0          0
      0.46          0          0          0
      0.47          0          0          0
      0.48          0          0          0
      0.49          0          0          0
       0.5          0          0          0
      0.51          0          0          0
      0.52          0          0          0
      0.53          0          0          0
      0.54          0          0          0
      0.55          0          0          0
      0.56          0          0          0
      0.57          0          0          0
      0.58          0          0          0
      0.59          0          0          0
       0.6          0          0          0
      0.61          0          0          0
      0.62          0          0          0
      0.63          0          0          0
      0.64          0          0          0
      0.65          0          0          0
      0.66          0          0          0
      0.67          0          0          0
      0.68          0          0          0
      0.69          0          0          0
       0.7          0          0          0
      0.71          0          0          0
      0.72          0          0          0
      0.73          0          0          0
      0.74          0          0          0
      0.75          0          0          0
      0.76          0          0          0
      0.77          0          0          0
      0.78          0          0          0
      0.79          0          0          0
       0.8          0          0          0
      0.81          0          0          0
      0.82          0          0          0
      0.83          0          0          0
      0.84          0          0          0
      0.85          0          0          0
      0.86          0          0          0
      0.87          0          0          0
      0.88          0          0          0
      0.89          0          0          0
       0.9          0          0          0
      0.91          0          0          0
      0.92          0          0          0
      0.93          0          0          0
      0.94          0          0          0
      0.95          0          0          0
      0.96          0          0          0
      0.97          0          0          0
      0.98          0          0          0
      0.99          0          0          0
