         0          1   0.205491   0.340925
      0.01   0.952337   0.300538   0.456891
      0.02   0.952337   0.300538   0.456891
      0.03   0.952337   0.300538   0.456891
      0.04   0.952254   0.300887   0.457285
      0.05   0.952004   0.303384   0.460133
      0.06   0.949504   0.311618   0.469237
      0.07   0.942755   0.316964   0.474423
      0.08   0.914257   0.325901   0.480515
      0.09   0.890509   0.332013   0.483689
       0.1   0.848763   0.342946   0.488508
      0.11   0.781768   0.358027   0.491131
      0.12   0.740688   0.372653    0.49584
      0.13   0.688693   0.404115    0.50935
      0.14   0.665611   0.428124   0.521084
      0.15   0.625698   0.474604   0.539777
      0.16   0.613366   0.506958   0.555108
      0.17   0.579785   0.555724     0.5675
      0.18   0.558537   0.582359   0.570199
      0.19   0.532456   0.623074   0.574211
       0.2   0.512707   0.649631   0.573104
      0.21    0.48246   0.697674   0.570443
      0.22   0.447796   0.729055   0.554816
      0.23   0.422048   0.748657   0.539793
      0.24   0.373886   0.782107   0.505918
      0.25   0.327639   0.786458   0.462571
      0.26   0.254479        0.8    0.38613
      0.27   0.213566   0.793201   0.336524
      0.28   0.162986   0.815261   0.271662
      0.29   0.140488   0.814286   0.239633
       0.3   0.108574   0.823899   0.191864
      0.31  0.0663278   0.857143   0.123128
      0.32  0.0619948    0.91954   0.116158
      0.33  0.0478293   0.911765  0.0908907
      0.34  0.0415799   0.965517  0.0797263
      0.35  0.0356637   0.979592  0.0688218
      0.36   0.032164   0.977778  0.0622793
      0.37  0.0315807          1  0.0612278
      0.38  0.0277477          1  0.0539971
      0.39  0.0239147          1  0.0467122
       0.4   0.020415          1  0.0400131
      0.41  0.0174985          1  0.0343952
      0.42  0.0125823          1  0.0248519
      0.43 0.00674944          1  0.0134084
      0.44 0.00291642          1 0.00581589
      0.45 0.00291642          1 0.00581589
      0.46          0          0          0
      0.47          0          0          0
      0.48          0          0          0
      0.49          0          0          0
       0.5          0          0          0
      0.51          0          0          0
      0.52          0          0          0
      0.53          0          0          0
      0.54          0          0          0
      0.55          0          0          0
      0.56          0          0          0
      0.57          0          0          0
      0.58          0          0          0
      0.59          0          0          0
       0.6          0          0          0
      0.61          0          0          0
      0.62          0          0          0
      0.63          0          0          0
      0.64          0          0          0
      0.65          0          0          0
      0.66          0          0          0
      0.67          0          0          0
      0.68          0          0          0
      0.69          0          0          0
       0.7          0          0          0
      0.71          0          0          0
      0.72          0          0          0
      0.73          0          0          0
      0.74          0          0          0
      0.75          0          0          0
      0.76          0          0          0
      0.77          0          0          0
      0.78          0          0          0
      0.79          0          0          0
       0.8          0          0          0
      0.81          0          0          0
      0.82          0          0          0
      0.83          0          0          0
      0.84          0          0          0
      0.85          0          0          0
      0.86          0          0          0
      0.87          0          0          0
      0.88          0          0          0
      0.89          0          0          0
       0.9          0          0          0
      0.91          0          0          0
      0.92          0          0          0
      0.93          0          0          0
      0.94          0          0          0
      0.95          0          0          0
      0.96          0          0          0
      0.97          0          0          0
      0.98          0          0          0
      0.99          0          0          0
