         0          1   0.214804   0.353644
      0.01   0.949466    0.46403   0.623392
      0.02   0.949466    0.46403   0.623392
      0.03   0.949466   0.464203   0.623547
      0.04   0.949466   0.468322   0.627253
      0.05   0.949466   0.477903   0.635789
      0.06   0.948496   0.499256   0.654176
      0.07   0.948421   0.519591   0.671372
      0.08   0.946928    0.55222   0.697613
      0.09   0.946033   0.577331   0.717063
       0.1   0.932895   0.612692   0.739625
      0.11   0.919907   0.645741   0.758819
      0.12   0.905128   0.665177    0.76682
      0.13   0.880346   0.698654   0.779046
      0.14    0.85646   0.719981   0.782313
      0.15   0.808987   0.744977   0.775664
      0.16   0.782787   0.756583   0.769462
      0.17   0.738225   0.775891   0.756589
      0.18   0.707546   0.789091   0.746097
      0.19   0.651638   0.797639   0.717285
       0.2   0.600881   0.803179   0.687456
      0.21   0.555274   0.818231   0.661581
      0.22   0.485855   0.825286   0.611634
      0.23   0.443756   0.832987   0.579041
      0.24   0.385609   0.837816   0.528139
      0.25   0.364485   0.839316   0.508253
      0.26   0.336419    0.84593   0.481392
      0.27   0.322162   0.849576   0.467171
      0.28   0.297529   0.851675   0.440998
      0.29   0.283123   0.850455    0.42482
       0.3   0.249832    0.83792   0.384903
      0.31   0.203926   0.817857   0.326454
      0.32   0.178398   0.813765   0.292642
      0.33   0.145331    0.79669    0.24582
      0.34   0.133164   0.779528    0.22747
      0.35   0.107636   0.754545   0.188397
      0.36  0.0906173   0.754098   0.161793
      0.37  0.0812122   0.744526    0.14645
      0.38  0.0700157   0.732558   0.127815
      0.39  0.0558334   0.712446   0.103552
       0.4  0.0505337   0.707763  0.0943322
      0.41  0.0412033   0.708134  0.0778753
      0.42  0.0406807   0.704082  0.0769173
      0.43  0.0398597   0.711957  0.0754928
      0.44  0.0385907   0.725146  0.0732816
      0.45    0.03456   0.730769  0.0659987
      0.46  0.0302306   0.729167  0.0580544
      0.47  0.0272449   0.762712  0.0526105
      0.48  0.0188848   0.866667  0.0369642
      0.49 0.00425468          1 0.00847332
       0.5          0          0          0
      0.51          0          0          0
      0.52          0          0          0
      0.53          0          0          0
      0.54          0          0          0
      0.55          0          0          0
      0.56          0          0          0
      0.57          0          0          0
      0.58          0          0          0
      0.59          0          0          0
       0.6          0          0          0
      0.61          0          0          0
      0.62          0          0          0
      0.63          0          0          0
      0.64          0          0          0
      0.65          0          0          0
      0.66          0          0          0
      0.67          0          0          0
      0.68          0          0          0
      0.69          0          0          0
       0.7          0          0          0
      0.71          0          0          0
      0.72          0          0          0
      0.73          0          0          0
      0.74          0          0          0
      0.75          0          0          0
      0.76          0          0          0
      0.77          0          0          0
      0.78          0          0          0
      0.79          0          0          0
       0.8          0          0          0
      0.81          0          0          0
      0.82          0          0          0
      0.83          0          0          0
      0.84          0          0          0
      0.85          0          0          0
      0.86          0          0          0
      0.87          0          0          0
      0.88          0          0          0
      0.89          0          0          0
       0.9          0          0          0
      0.91          0          0          0
      0.92          0          0          0
      0.93          0          0          0
      0.94          0          0          0
      0.95          0          0          0
      0.96          0          0          0
      0.97          0          0          0
      0.98          0          0          0
      0.99          0          0          0
