         0          1   0.364376   0.534128
      0.01   0.957472   0.398966   0.563238
      0.02   0.957472   0.398966   0.563238
      0.03   0.957472   0.398966   0.563238
      0.04   0.957472   0.398966   0.563238
      0.05   0.957472   0.398981   0.563253
      0.06   0.957472   0.399002   0.563274
      0.07   0.957472   0.399185   0.563456
      0.08    0.95742   0.400421   0.564677
      0.09   0.957161   0.401636   0.565839
       0.1   0.956954   0.404868   0.569002
      0.11   0.955452   0.409914   0.573697
      0.12   0.954002   0.414785   0.578185
      0.13   0.951153   0.422408   0.585012
      0.14     0.9482    0.42795   0.589735
      0.15   0.936649   0.439496   0.598271
      0.16   0.929863   0.447928   0.604608
      0.17   0.906812   0.463958   0.613849
      0.18    0.89179   0.473422   0.618502
      0.19   0.868065   0.491748   0.627836
       0.2    0.84144   0.505267   0.631395
      0.21   0.799741   0.527762    0.63589
      0.22   0.745817   0.550086    0.63317
      0.23   0.709454   0.566415   0.629916
      0.24   0.654597    0.58327   0.616879
      0.25   0.613105   0.594973   0.603903
      0.26   0.563481   0.615637   0.588405
      0.27   0.522352   0.622974   0.568243
      0.28   0.463403   0.642438   0.538428
      0.29   0.417975   0.644626   0.507128
       0.3    0.36488   0.650413   0.467496
      0.31   0.323388    0.65395   0.432766
      0.32   0.296452   0.655738   0.408311
      0.33    0.25812   0.664747   0.371851
      0.34   0.239005   0.676383   0.353203
      0.35   0.208236   0.680529   0.318894
      0.36   0.178451   0.691244    0.28367
      0.37   0.136131   0.698609    0.22786
      0.38   0.113805   0.701323   0.195832
      0.39  0.0890961   0.732095   0.158859
       0.4  0.0805491   0.742671   0.145335
      0.41  0.0585341   0.744898   0.108539
      0.42  0.0409738    0.72807  0.0775816
      0.43   0.029008       0.68  0.0556424
      0.44  0.0130536   0.676471   0.025613
      0.45    0.01036   0.833333  0.0204656
      0.46 0.00678581          1  0.0134801
      0.47   0.004662          1 0.00928074
      0.48  0.0013468          1 0.00268998
      0.49          0          0          0
       0.5          0          0          0
      0.51          0          0          0
      0.52          0          0          0
      0.53          0          0          0
      0.54          0          0          0
      0.55          0          0          0
      0.56          0          0          0
      0.57          0          0          0
      0.58          0          0          0
      0.59          0          0          0
       0.6          0          0          0
      0.61          0          0          0
      0.62          0          0          0
      0.63          0          0          0
      0.64          0          0          0
      0.65          0          0          0
      0.66          0          0          0
      0.67          0          0          0
      0.68          0          0          0
      0.69          0          0          0
       0.7          0          0          0
      0.71          0          0          0
      0.72          0          0          0
      0.73          0          0          0
      0.74          0          0          0
      0.75          0          0          0
      0.76          0          0          0
      0.77          0          0          0
      0.78          0          0          0
      0.79          0          0          0
       0.8          0          0          0
      0.81          0          0          0
      0.82          0          0          0
      0.83          0          0          0
      0.84          0          0          0
      0.85          0          0          0
      0.86          0          0          0
      0.87          0          0          0
      0.88          0          0          0
      0.89          0          0          0
       0.9          0          0          0
      0.91          0          0          0
      0.92          0          0          0
      0.93          0          0          0
      0.94          0          0          0
      0.95          0          0          0
      0.96          0          0          0
      0.97          0          0          0
      0.98          0          0          0
      0.99          0          0          0
