         0          1   0.374026   0.544424
      0.01   0.745755   0.334555   0.461897
      0.02   0.745755   0.334555   0.461897
      0.03   0.745755   0.334555   0.461897
      0.04   0.745755   0.334555   0.461897
      0.05   0.745755    0.33457   0.461911
      0.06   0.745755   0.334585   0.461926
      0.07   0.745755   0.334585   0.461926
      0.08   0.745635   0.334869   0.462173
      0.09   0.745635   0.335333   0.462615
       0.1   0.745159    0.33599   0.463148
      0.11   0.744861   0.336562   0.463633
      0.12   0.743967   0.336559   0.463457
      0.13    0.74212   0.336703   0.463234
      0.14   0.740154   0.336807   0.462949
      0.15   0.736817   0.337954   0.463374
      0.16   0.734434   0.339034   0.463913
      0.17   0.727641   0.341198    0.46456
      0.18   0.724185   0.344095   0.466523
      0.19   0.712328   0.349072    0.46854
       0.2   0.706906   0.351969   0.469949
      0.21   0.697253   0.359583   0.474474
      0.22   0.685873    0.36874   0.479624
      0.23   0.678782   0.375726   0.483706
      0.24   0.664363   0.387361   0.489384
      0.25    0.65036   0.401331   0.496362
      0.26   0.626408   0.420665   0.503323
      0.27   0.612525    0.43769   0.510554
      0.28   0.589823    0.46836   0.522121
      0.29   0.570279   0.491303   0.527853
       0.3    0.54436   0.532718   0.538476
      0.31    0.51725   0.572922   0.543664
      0.32   0.497468   0.601409   0.544522
      0.33   0.464458   0.645796   0.540318
      0.34   0.436513    0.67891   0.531374
      0.35   0.410237   0.734319   0.526396
      0.36   0.388965    0.76882    0.51658
      0.37    0.34809   0.823356   0.489313
      0.38   0.322708   0.848329   0.467555
      0.39   0.292498   0.880126   0.439076
       0.4   0.268426   0.896679   0.413168
      0.41   0.235834    0.92084     0.3755
      0.42    0.18912   0.920673   0.313784
      0.43   0.161533   0.935065   0.275476
      0.44   0.119585   0.942197   0.212234
      0.45  0.0800215   0.927273   0.147329
      0.46  0.0367634    0.97619  0.0708583
      0.47  0.0205565       0.96  0.0402511
      0.48 0.00685217          1  0.0136111
      0.49  0.0014896          1 0.00297477
       0.5  0.0014896          1 0.00297477
      0.51          0          0          0
      0.52          0          0          0
      0.53          0          0          0
      0.54          0          0          0
      0.55          0          0          0
      0.56          0          0          0
      0.57          0          0          0
      0.58          0          0          0
      0.59          0          0          0
       0.6          0          0          0
      0.61          0          0          0
      0.62          0          0          0
      0.63          0          0          0
      0.64          0          0          0
      0.65          0          0          0
      0.66          0          0          0
      0.67          0          0          0
      0.68          0          0          0
      0.69          0          0          0
       0.7          0          0          0
      0.71          0          0          0
      0.72          0          0          0
      0.73          0          0          0
      0.74          0          0          0
      0.75          0          0          0
      0.76          0          0          0
      0.77          0          0          0
      0.78          0          0          0
      0.79          0          0          0
       0.8          0          0          0
      0.81          0          0          0
      0.82          0          0          0
      0.83          0          0          0
      0.84          0          0          0
      0.85          0          0          0
      0.86          0          0          0
      0.87          0          0          0
      0.88          0          0          0
      0.89          0          0          0
       0.9          0          0          0
      0.91          0          0          0
      0.92          0          0          0
      0.93          0          0          0
      0.94          0          0          0
      0.95          0          0          0
      0.96          0          0          0
      0.97          0          0          0
      0.98          0          0          0
      0.99          0          0          0
