         0          1   0.176767   0.300428
      0.01   0.973986   0.244346   0.390681
      0.02   0.973986   0.244346   0.390681
      0.03   0.973986   0.244346   0.390681
      0.04   0.973986   0.244439     0.3908
      0.05   0.973986   0.244687   0.391117
      0.06   0.973986   0.246327   0.393209
      0.07   0.973808   0.248934   0.396508
      0.08   0.973808   0.254745   0.403845
      0.09   0.973718   0.261412    0.41217
       0.1   0.973629   0.275952   0.430024
      0.11   0.973317   0.293262   0.450721
      0.12   0.973138   0.307458   0.467281
      0.13   0.972157   0.330385   0.493168
      0.14   0.970149   0.347436   0.511641
      0.15   0.957298   0.373171   0.537007
      0.16    0.94293   0.390666   0.552447
      0.17   0.938646   0.422509    0.58272
      0.18   0.932756   0.444877   0.602427
      0.19   0.918478   0.480167   0.630643
       0.2   0.913569   0.509468   0.654142
      0.21   0.906831   0.547078   0.682446
      0.22   0.903262   0.588721   0.712836
      0.23   0.894784   0.619358    0.73202
      0.24   0.883361   0.663753   0.757971
      0.25   0.880996    0.69531   0.777217
      0.26   0.868234   0.736564   0.796997
      0.27   0.864709   0.768574   0.813812
      0.28   0.854134   0.805034   0.828857
      0.29    0.84579   0.825342   0.835441
       0.3   0.832805   0.855166   0.843838
      0.31   0.811209   0.884298   0.846178
      0.32   0.785284   0.905969   0.841321
      0.33   0.733167   0.932162   0.820775
      0.34   0.704475   0.943828   0.806773
      0.35   0.610102   0.957195   0.745215
      0.36   0.535005   0.966895   0.688852
      0.37   0.429655   0.980243   0.597442
      0.38   0.361787   0.984962   0.529195
      0.39   0.310428   0.987562   0.472372
       0.4   0.279729   0.990476   0.436252
      0.41   0.193833   0.994413   0.324428
      0.42   0.114363          1   0.205253
      0.43  0.0659498          1   0.123739
      0.44   0.016599          1  0.0326559
      0.45 0.00437285          1 0.00870763
      0.46          0          0          0
      0.47          0          0          0
      0.48          0          0          0
      0.49          0          0          0
       0.5          0          0          0
      0.51          0          0          0
      0.52          0          0          0
      0.53          0          0          0
      0.54          0          0          0
      0.55          0          0          0
      0.56          0          0          0
      0.57          0          0          0
      0.58          0          0          0
      0.59          0          0          0
       0.6          0          0          0
      0.61          0          0          0
      0.62          0          0          0
      0.63          0          0          0
      0.64          0          0          0
      0.65          0          0          0
      0.66          0          0          0
      0.67          0          0          0
      0.68          0          0          0
      0.69          0          0          0
       0.7          0          0          0
      0.71          0          0          0
      0.72          0          0          0
      0.73          0          0          0
      0.74          0          0          0
      0.75          0          0          0
      0.76          0          0          0
      0.77          0          0          0
      0.78          0          0          0
      0.79          0          0          0
       0.8          0          0          0
      0.81          0          0          0
      0.82          0          0          0
      0.83          0          0          0
      0.84          0          0          0
      0.85          0          0          0
      0.86          0          0          0
      0.87          0          0          0
      0.88          0          0          0
      0.89          0          0          0
       0.9          0          0          0
      0.91          0          0          0
      0.92          0          0          0
      0.93          0          0          0
      0.94          0          0          0
      0.95          0          0          0
      0.96          0          0          0
      0.97          0          0          0
      0.98          0          0          0
      0.99          0          0          0
