         0          1   0.361785    0.53134
      0.01   0.965003   0.382162   0.547502
      0.02   0.965003   0.382162   0.547502
      0.03   0.965003   0.382162   0.547502
      0.04   0.965003   0.382162   0.547502
      0.05   0.965003   0.382191   0.547531
      0.06   0.965003   0.382411   0.547758
      0.07   0.965003    0.38324   0.548607
      0.08   0.964941   0.387365    0.55281
      0.09   0.964754   0.393369   0.558865
       0.1   0.964504   0.409568   0.574977
      0.11   0.963631   0.432784   0.597307
      0.12   0.962976    0.45338   0.616503
      0.13   0.959513   0.487285   0.646333
      0.14   0.957455   0.511799   0.667038
      0.15   0.945945   0.551685    0.69692
      0.16   0.933593   0.575081    0.71174
      0.17   0.904211   0.609212   0.727961
      0.18   0.877012   0.630282   0.733453
      0.19   0.828571   0.659893   0.734675
       0.2   0.784124   0.678811   0.727677
      0.21   0.707642   0.703515   0.705572
      0.22   0.620087      0.725   0.668452
      0.23    0.55995   0.736081   0.636047
      0.24   0.484092   0.759646   0.591344
      0.25   0.435278   0.775763   0.557656
      0.26   0.375577    0.81124   0.513446
      0.27   0.345571   0.832158   0.488346
      0.28   0.310293   0.873935   0.457979
      0.29   0.285683   0.906067     0.4344
       0.3   0.254367   0.928328   0.399318
      0.31   0.222427   0.938158   0.359597
      0.32   0.202932   0.945985   0.334177
      0.33   0.179881   0.961667   0.303073
      0.34   0.171647   0.964945    0.29145
      0.35     0.1568   0.971554   0.270021
      0.36   0.150281   0.977612   0.260515
      0.37   0.121709   0.979522   0.216516
      0.38   0.105646   0.977679   0.190686
      0.39   0.077355   0.991597   0.143514
       0.4  0.0525889   0.986111  0.0998527
      0.41  0.0341859          1  0.0661117
      0.42 0.00751716          1  0.0149221
      0.43 0.00305677          1 0.00609491
      0.44  0.0025889          1 0.00516442
      0.45          0          0          0
      0.46          0          0          0
      0.47          0          0          0
      0.48          0          0          0
      0.49          0          0          0
       0.5          0          0          0
      0.51          0          0          0
      0.52          0          0          0
      0.53          0          0          0
      0.54          0          0          0
      0.55          0          0          0
      0.56          0          0          0
      0.57          0          0          0
      0.58          0          0          0
      0.59          0          0          0
       0.6          0          0          0
      0.61          0          0          0
      0.62          0          0          0
      0.63          0          0          0
      0.64          0          0          0
      0.65          0          0          0
      0.66          0          0          0
      0.67          0          0          0
      0.68          0          0          0
      0.69          0          0          0
       0.7          0          0          0
      0.71          0          0          0
      0.72          0          0          0
      0.73          0          0          0
      0.74          0          0          0
      0.75          0          0          0
      0.76          0          0          0
      0.77          0          0          0
      0.78          0          0          0
      0.79          0          0          0
       0.8          0          0          0
      0.81          0          0          0
      0.82          0          0          0
      0.83          0          0          0
      0.84          0          0          0
      0.85          0          0          0
      0.86          0          0          0
      0.87          0          0          0
      0.88          0          0          0
      0.89          0          0          0
       0.9          0          0          0
      0.91          0          0          0
      0.92          0          0          0
      0.93          0          0          0
      0.94          0          0          0
      0.95          0          0          0
      0.96          0          0          0
      0.97          0          0          0
      0.98          0          0          0
      0.99          0          0          0
