         0          1   0.298178   0.459379
      0.01    0.93572   0.299648   0.453933
      0.02    0.93572   0.299648   0.453933
      0.03    0.93572   0.299648   0.453933
      0.04    0.93572   0.299618   0.453898
      0.05    0.93572   0.299579   0.453853
      0.06    0.93572   0.300222   0.454591
      0.07    0.93572   0.301837   0.456439
      0.08    0.93519   0.305945   0.461057
      0.09   0.934288   0.309697   0.465192
       0.1   0.931477   0.317161   0.473201
      0.11   0.926439   0.328655   0.485189
      0.12   0.914028   0.337202   0.492654
      0.13   0.904959   0.351732   0.506573
      0.14   0.894139   0.360395   0.513726
      0.15   0.861204   0.374645   0.522144
      0.16   0.841209   0.385195   0.528422
      0.17   0.803447   0.404857   0.538409
      0.18   0.769239   0.416155   0.540112
      0.19   0.712914   0.443362   0.546719
       0.2   0.682471   0.463936   0.552374
      0.21   0.610925   0.484499   0.540417
      0.22   0.530628   0.501867   0.515847
      0.23   0.473667   0.517131   0.494446
      0.24   0.411403   0.547291   0.469716
      0.25   0.363405   0.573325   0.444844
      0.26   0.308618   0.632193   0.414762
      0.27   0.269849   0.663627   0.383682
      0.28   0.232989   0.745232   0.354993
      0.29   0.215805   0.786859   0.338714
       0.3   0.179952   0.857438   0.297473
      0.31   0.155874   0.926952   0.266871
      0.32   0.142509   0.949438    0.24782
      0.33   0.123416   0.974194   0.219077
      0.34   0.115884   0.992908   0.207546
      0.35   0.108884          1   0.196384
      0.36  0.0999204          1   0.181687
      0.37   0.080244          1   0.148566
      0.38  0.0704322          1   0.131596
      0.39  0.0562715          1   0.106547
       0.4  0.0530894          1   0.100826
      0.41  0.0278971          1    0.05428
      0.42 0.00482631          1 0.00960625
      0.43          0          0          0
      0.44          0          0          0
      0.45          0          0          0
      0.46          0          0          0
      0.47          0          0          0
      0.48          0          0          0
      0.49          0          0          0
       0.5          0          0          0
      0.51          0          0          0
      0.52          0          0          0
      0.53          0          0          0
      0.54          0          0          0
      0.55          0          0          0
      0.56          0          0          0
      0.57          0          0          0
      0.58          0          0          0
      0.59          0          0          0
       0.6          0          0          0
      0.61          0          0          0
      0.62          0          0          0
      0.63          0          0          0
      0.64          0          0          0
      0.65          0          0          0
      0.66          0          0          0
      0.67          0          0          0
      0.68          0          0          0
      0.69          0          0          0
       0.7          0          0          0
      0.71          0          0          0
      0.72          0          0          0
      0.73          0          0          0
      0.74          0          0          0
      0.75          0          0          0
      0.76          0          0          0
      0.77          0          0          0
      0.78          0          0          0
      0.79          0          0          0
       0.8          0          0          0
      0.81          0          0          0
      0.82          0          0          0
      0.83          0          0          0
      0.84          0          0          0
      0.85          0          0          0
      0.86          0          0          0
      0.87          0          0          0
      0.88          0          0          0
      0.89          0          0          0
       0.9          0          0          0
      0.91          0          0          0
      0.92          0          0          0
      0.93          0          0          0
      0.94          0          0          0
      0.95          0          0          0
      0.96          0          0          0
      0.97          0          0          0
      0.98          0          0          0
      0.99          0          0          0
