         0          1    0.48887   0.656699
      0.01   0.930248   0.562859   0.701354
      0.02   0.930248   0.562859   0.701354
      0.03   0.930248   0.562859   0.701354
      0.04   0.930248   0.562859   0.701354
      0.05   0.930248   0.562976   0.701445
      0.06   0.930101   0.565598   0.703435
      0.07   0.929343   0.570841   0.707256
      0.08   0.928634   0.587697   0.719837
      0.09   0.928145   0.603138   0.731151
       0.1   0.927314   0.632583   0.752105
      0.11   0.924674   0.663138   0.772366
      0.12   0.921226   0.684336   0.785305
      0.13   0.914479   0.715312   0.802726
      0.14   0.904895   0.731084   0.808756
      0.15   0.889076   0.753255   0.815549
      0.16   0.877512   0.768625   0.819467
      0.17   0.859616   0.785304   0.820781
      0.18   0.843504   0.794179   0.818098
      0.19   0.822845   0.805813    0.81424
       0.2   0.806758   0.812744    0.80974
      0.21   0.781502   0.821146   0.800834
      0.22   0.751626   0.827354   0.787674
      0.23   0.727764   0.829531   0.775322
      0.24   0.694538   0.828602    0.75567
      0.25   0.666496   0.827313   0.738248
      0.26    0.62393   0.825599   0.710736
      0.27   0.596254   0.826493   0.692744
      0.28   0.546966   0.820339   0.656324
      0.29   0.525353   0.814846   0.638833
       0.3   0.485086   0.805312   0.605466
      0.31   0.443181   0.792037   0.568346
      0.32   0.424111   0.782961   0.550195
      0.33   0.377928   0.762074   0.505278
      0.34   0.344531   0.749878   0.472138
      0.35   0.305437   0.722284   0.429324
      0.36   0.278128   0.703749    0.39869
      0.37    0.24478   0.682562   0.360337
      0.38   0.219818   0.675314   0.331675
      0.39   0.190675   0.652878   0.295151
       0.4   0.169772   0.635815   0.267987
      0.41   0.144834   0.623421   0.235059
      0.42   0.133563   0.621622   0.219882
      0.43   0.122635   0.616438   0.204572
      0.44   0.101658    0.62475   0.174862
      0.45  0.0865728   0.693182   0.153922
      0.46  0.0650335   0.692982   0.118908
      0.47  0.0521001   0.733333  0.0972884
      0.48  0.0304875   0.903846  0.0589854
      0.49   0.018361          1  0.0360598
       0.5  0.0100484          1  0.0198969
      0.51 0.00381399          1 0.00759901
      0.52 0.000635666          1 0.00127052
      0.53          0          0          0
      0.54          0          0          0
      0.55          0          0          0
      0.56          0          0          0
      0.57          0          0          0
      0.58          0          0          0
      0.59          0          0          0
       0.6          0          0          0
      0.61          0          0          0
      0.62          0          0          0
      0.63          0          0          0
      0.64          0          0          0
      0.65          0          0          0
      0.66          0          0          0
      0.67          0          0          0
      0.68          0          0          0
      0.69          0          0          0
       0.7          0          0          0
      0.71          0          0          0
      0.72          0          0          0
      0.73          0          0          0
      0.74          0          0          0
      0.75          0          0          0
      0.76          0          0          0
      0.77          0          0          0
      0.78          0          0          0
      0.79          0          0          0
       0.8          0          0          0
      0.81          0          0          0
      0.82          0          0          0
      0.83          0          0          0
      0.84          0          0          0
      0.85          0          0          0
      0.86          0          0          0
      0.87          0          0          0
      0.88          0          0          0
      0.89          0          0          0
       0.9          0          0          0
      0.91          0          0          0
      0.92          0          0          0
      0.93          0          0          0
      0.94          0          0          0
      0.95          0          0          0
      0.96          0          0          0
      0.97          0          0          0
      0.98          0          0          0
      0.99          0          0          0
