         0          1   0.242084   0.389803
      0.01   0.993844    0.25232   0.402462
      0.02   0.993844    0.25232   0.402462
      0.03   0.993844    0.25232   0.402462
      0.04   0.993844   0.252338   0.402485
      0.05   0.993844   0.252514   0.402709
      0.06   0.993844   0.254814   0.405628
      0.07   0.993844   0.259345   0.411348
      0.08   0.993724   0.273385   0.428802
      0.09   0.993306   0.288758   0.447442
       0.1   0.992529   0.316553   0.480013
      0.11   0.989899   0.349876   0.517015
      0.12   0.988704   0.375274   0.544048
      0.13   0.981711   0.414086   0.582481
      0.14   0.964736   0.438548    0.60299
      0.15   0.925408   0.472351   0.625455
      0.16   0.897914    0.49351   0.636944
      0.17   0.851473   0.517666   0.643877
      0.18   0.822605   0.534865   0.648239
      0.19   0.758472   0.555534   0.641332
       0.2   0.721774   0.566969   0.635074
      0.21   0.676409   0.590522   0.630555
      0.22   0.616401   0.601218   0.608715
      0.23   0.596557   0.608709   0.602572
      0.24   0.563086   0.608839    0.58507
      0.25    0.54145    0.61522   0.575983
      0.26   0.506007   0.615719   0.555498
      0.27   0.482816   0.611368   0.539541
      0.28   0.455801    0.60251   0.518987
      0.29   0.430339   0.590099   0.497713
       0.3    0.39388   0.576503   0.468007
      0.31   0.355149   0.567776    0.43697
      0.32   0.333393   0.557875   0.417364
      0.33   0.309964   0.552322   0.397083
      0.34   0.292332   0.546547    0.38092
      0.35   0.265555   0.527893   0.353356
      0.36    0.23824   0.516712   0.326118
      0.37   0.213974   0.507042   0.300947
      0.38   0.190186   0.491304    0.27422
      0.39   0.166039   0.469641    0.24534
       0.4   0.143387    0.46238   0.218893
      0.41   0.118881   0.464286   0.189293
      0.42   0.095332    0.45279   0.157503
      0.43  0.0855896   0.454039   0.144029
      0.44  0.0614428   0.514644   0.109779
      0.45  0.0300042   0.515337  0.0567068
      0.46  0.0183492   0.591837  0.0355948
      0.47  0.0147032   0.703125  0.0288042
      0.48  0.0127906          1  0.0252582
      0.49  0.0115355          1  0.0228078
       0.5 0.00621601          1  0.0123552
      0.51 0.00173331          1 0.00346062
      0.52 0.00137469          1 0.00274561
      0.53 0.00125516          1 0.00250716
      0.54          0          0          0
      0.55          0          0          0
      0.56          0          0          0
      0.57          0          0          0
      0.58          0          0          0
      0.59          0          0          0
       0.6          0          0          0
      0.61          0          0          0
      0.62          0          0          0
      0.63          0          0          0
      0.64          0          0          0
      0.65          0          0          0
      0.66          0          0          0
      0.67          0          0          0
      0.68          0          0          0
      0.69          0          0          0
       0.7          0          0          0
      0.71          0          0          0
      0.72          0          0          0
      0.73          0          0          0
      0.74          0          0          0
      0.75          0          0          0
      0.76          0          0          0
      0.77          0          0          0
      0.78          0          0          0
      0.79          0          0          0
       0.8          0          0          0
      0.81          0          0          0
      0.82          0          0          0
      0.83          0          0          0
      0.84          0          0          0
      0.85          0          0          0
      0.86          0          0          0
      0.87          0          0          0
      0.88          0          0          0
      0.89          0          0          0
       0.9          0          0          0
      0.91          0          0          0
      0.92          0          0          0
      0.93          0          0          0
      0.94          0          0          0
      0.95          0          0          0
      0.96          0          0          0
      0.97          0          0          0
      0.98          0          0          0
      0.99          0          0          0
