         0          1   0.319512   0.484288
      0.01   0.910963     0.3002   0.451584
      0.02   0.910963     0.3002   0.451584
      0.03   0.910963     0.3002   0.451584
      0.04   0.910963     0.3002   0.451584
      0.05   0.910963     0.3002   0.451584
      0.06   0.910963     0.3002   0.451585
      0.07   0.910822   0.300028   0.451372
      0.08   0.908486   0.298262   0.449087
      0.09    0.90431   0.296291   0.446341
       0.1   0.892915   0.293577   0.441872
      0.11   0.872532   0.289138   0.434344
      0.12    0.85505   0.286813   0.429543
      0.13   0.818883   0.282863   0.420481
      0.14   0.781867   0.279081   0.411338
      0.15   0.721566   0.270363   0.393344
      0.16    0.66636   0.267009   0.381251
      0.17    0.60988   0.263943   0.368435
      0.18   0.560478   0.261817    0.35691
      0.19    0.51136   0.262033   0.346507
       0.2    0.48312   0.263351   0.340884
      0.21   0.436478   0.267318   0.331569
      0.22   0.406398   0.278414   0.330447
      0.23   0.393305   0.286886   0.331771
      0.24   0.369736   0.296057   0.328819
      0.25   0.356359   0.301466   0.326622
      0.26   0.341284   0.312198   0.326094
      0.27   0.331163   0.317435   0.324153
      0.28   0.318352   0.324016   0.321159
      0.29   0.306037   0.329222   0.317207
       0.3   0.293368   0.337754      0.314
      0.31   0.280912   0.345113    0.30972
      0.32   0.272277   0.350325   0.306409
      0.33   0.255432   0.356436   0.297597
      0.34   0.247151   0.358901   0.292723
      0.35   0.241843   0.361086   0.289673
      0.36   0.230731   0.364826   0.282682
      0.37   0.225494   0.369508   0.280072
      0.38   0.214169   0.372706   0.272025
      0.39   0.204827   0.377604   0.265589
       0.4   0.197042   0.381663   0.259903
      0.41   0.188548   0.392799   0.254793
      0.42   0.174322   0.396518   0.242176
      0.43   0.162573   0.405034   0.232019
      0.44    0.13221   0.395931   0.198228
      0.45   0.111261   0.393878   0.173509
      0.46  0.0852148   0.405573   0.140838
      0.47  0.0697855   0.443515   0.120596
      0.48  0.0372284   0.426087   0.068474
      0.49  0.0235685        0.4  0.0445143
       0.5  0.0147215   0.382353  0.0283514
      0.51 0.00686531   0.384615  0.0134898
      0.52 0.00424659   0.333333 0.00838633
      0.53 0.000849317       0.25 0.00169288
      0.54          0          0          0
      0.55          0          0          0
      0.56          0          0          0
      0.57          0          0          0
      0.58          0          0          0
      0.59          0          0          0
       0.6          0          0          0
      0.61          0          0          0
      0.62          0          0          0
      0.63          0          0          0
      0.64          0          0          0
      0.65          0          0          0
      0.66          0          0          0
      0.67          0          0          0
      0.68          0          0          0
      0.69          0          0          0
       0.7          0          0          0
      0.71          0          0          0
      0.72          0          0          0
      0.73          0          0          0
      0.74          0          0          0
      0.75          0          0          0
      0.76          0          0          0
      0.77          0          0          0
      0.78          0          0          0
      0.79          0          0          0
       0.8          0          0          0
      0.81          0          0          0
      0.82          0          0          0
      0.83          0          0          0
      0.84          0          0          0
      0.85          0          0          0
      0.86          0          0          0
      0.87          0          0          0
      0.88          0          0          0
      0.89          0          0          0
       0.9          0          0          0
      0.91          0          0          0
      0.92          0          0          0
      0.93          0          0          0
      0.94          0          0          0
      0.95          0          0          0
      0.96          0          0          0
      0.97          0          0          0
      0.98          0          0          0
      0.99          0          0          0
