         0          1   0.289124   0.448559
      0.01   0.970665   0.378805   0.544944
      0.02   0.970665   0.378805   0.544944
      0.03   0.970665   0.378805   0.544944
      0.04   0.970665   0.378958   0.545103
      0.05   0.970665   0.380758   0.546962
      0.06    0.97018   0.385786   0.552052
      0.07   0.970083   0.389486   0.555814
      0.08   0.968095   0.398138   0.564231
      0.09   0.964604   0.407371   0.572827
       0.1   0.957768    0.42114   0.585035
      0.11   0.951513   0.438278   0.600129
      0.12   0.947537   0.452327    0.61234
      0.13   0.936142   0.473908   0.629261
      0.14   0.928287   0.488223   0.639898
      0.15   0.918493   0.513953     0.6591
      0.16   0.907583    0.53032   0.669461
      0.17   0.893231   0.551321   0.681813
      0.18   0.883582   0.563483   0.688128
      0.19    0.86826   0.590123   0.702669
       0.2   0.853132   0.610172   0.711482
      0.21   0.840962   0.649783   0.733114
      0.22   0.829519   0.697994   0.758094
      0.23   0.813324   0.721596   0.764719
      0.24   0.782292   0.744266   0.762806
      0.25   0.749855   0.752334   0.751092
      0.26   0.701416   0.767998   0.733198
      0.27   0.650407   0.777299   0.708214
      0.28   0.582671    0.80319   0.675386
      0.29   0.550718   0.817054   0.657955
       0.3    0.49069   0.849857   0.622159
      0.31   0.439343   0.879619   0.585997
      0.32   0.416893   0.899939   0.569819
      0.33   0.360211   0.920564   0.517808
      0.34   0.328937   0.925242   0.485332
      0.35   0.277395   0.927293   0.427043
      0.36    0.24166    0.92349   0.383076
      0.37   0.185367   0.916512   0.308366
      0.38   0.149438   0.910843   0.256751
      0.39   0.107981   0.908397   0.193018
       0.4  0.0710822   0.897849   0.131735
      0.41  0.0369472   0.863636  0.0708629
      0.42  0.0167281   0.783784   0.032757
      0.43  0.0116369   0.708333  0.0228977
      0.44 0.00848526   0.666667  0.0167572
      0.45 0.00513964        0.5  0.0101747
      0.46 0.00315167        0.5 0.00626385
      0.47   0.001891   0.333333 0.00376067
      0.48   0.001891          1 0.00377486
      0.49          0          0          0
       0.5          0          0          0
      0.51          0          0          0
      0.52          0          0          0
      0.53          0          0          0
      0.54          0          0          0
      0.55          0          0          0
      0.56          0          0          0
      0.57          0          0          0
      0.58          0          0          0
      0.59          0          0          0
       0.6          0          0          0
      0.61          0          0          0
      0.62          0          0          0
      0.63          0          0          0
      0.64          0          0          0
      0.65          0          0          0
      0.66          0          0          0
      0.67          0          0          0
      0.68          0          0          0
      0.69          0          0          0
       0.7          0          0          0
      0.71          0          0          0
      0.72          0          0          0
      0.73          0          0          0
      0.74          0          0          0
      0.75          0          0          0
      0.76          0          0          0
      0.77          0          0          0
      0.78          0          0          0
      0.79          0          0          0
       0.8          0          0          0
      0.81          0          0          0
      0.82          0          0          0
      0.83          0          0          0
      0.84          0          0          0
      0.85          0          0          0
      0.86          0          0          0
      0.87          0          0          0
      0.88          0          0          0
      0.89          0          0          0
       0.9          0          0          0
      0.91          0          0          0
      0.92          0          0          0
      0.93          0          0          0
      0.94          0          0          0
      0.95          0          0          0
      0.96          0          0          0
      0.97          0          0          0
      0.98          0          0          0
      0.99          0          0          0
