         0          1   0.108911   0.196429
      0.01   0.987393   0.192988    0.32287
      0.02   0.987393   0.192988    0.32287
      0.03   0.987393   0.192988    0.32287
      0.04   0.987393   0.192988    0.32287
      0.05   0.987393   0.193049   0.322956
      0.06   0.987124   0.194342   0.324749
      0.07   0.987124   0.197484   0.329123
      0.08   0.985917   0.205062   0.339509
      0.09   0.985113   0.213407   0.350816
       0.1   0.982296   0.226716   0.368404
      0.11   0.978407   0.240104   0.385584
      0.12   0.970762   0.249025    0.39637
      0.13   0.949437   0.261993   0.410665
      0.14   0.932672    0.26663   0.414705
      0.15   0.896459   0.271142   0.416354
      0.16   0.856357   0.271441    0.41222
      0.17   0.809013   0.276076   0.411669
      0.18   0.762876   0.274733   0.403981
      0.19   0.720091    0.28034   0.403567
       0.2   0.669126   0.278554   0.393356
      0.21   0.629158     0.2805   0.388012
      0.22   0.579399   0.276238   0.374112
      0.23   0.552709   0.277706   0.369672
      0.24   0.481357   0.274393   0.349536
      0.25    0.43978   0.269011   0.333824
      0.26   0.396593   0.264818   0.317579
      0.27   0.366953   0.263326   0.306621
      0.28    0.32162   0.252911   0.283157
      0.29    0.28809   0.251293   0.268437
       0.3    0.23015   0.249779   0.239563
      0.31   0.175563   0.217907   0.194457
      0.32   0.149946   0.212389   0.175787
      0.33  0.0871781   0.188768   0.119273
      0.34  0.0497586   0.165171  0.0764778
      0.35  0.0329936   0.147186  0.0539039
      0.36  0.0233369   0.146835  0.0402731
      0.37  0.0168991   0.149206  0.0303597
      0.38  0.0122049   0.124542  0.0222312
      0.39 0.00751073   0.116751  0.0141135
       0.4 0.00670601   0.120253  0.0127036
      0.41 0.00281652        0.1 0.00547874
      0.42 0.00026824  0.0645161 0.000534259
      0.43          0          0          0
      0.44          0          0          0
      0.45          0          0          0
      0.46          0          0          0
      0.47          0          0          0
      0.48          0          0          0
      0.49          0          0          0
       0.5          0          0          0
      0.51          0          0          0
      0.52          0          0          0
      0.53          0          0          0
      0.54          0          0          0
      0.55          0          0          0
      0.56          0          0          0
      0.57          0          0          0
      0.58          0          0          0
      0.59          0          0          0
       0.6          0          0          0
      0.61          0          0          0
      0.62          0          0          0
      0.63          0          0          0
      0.64          0          0          0
      0.65          0          0          0
      0.66          0          0          0
      0.67          0          0          0
      0.68          0          0          0
      0.69          0          0          0
       0.7          0          0          0
      0.71          0          0          0
      0.72          0          0          0
      0.73          0          0          0
      0.74          0          0          0
      0.75          0          0          0
      0.76          0          0          0
      0.77          0          0          0
      0.78          0          0          0
      0.79          0          0          0
       0.8          0          0          0
      0.81          0          0          0
      0.82          0          0          0
      0.83          0          0          0
      0.84          0          0          0
      0.85          0          0          0
      0.86          0          0          0
      0.87          0          0          0
      0.88          0          0          0
      0.89          0          0          0
       0.9          0          0          0
      0.91          0          0          0
      0.92          0          0          0
      0.93          0          0          0
      0.94          0          0          0
      0.95          0          0          0
      0.96          0          0          0
      0.97          0          0          0
      0.98          0          0          0
      0.99          0          0          0
