         0          1   0.354609   0.523559
      0.01   0.953311   0.396456   0.560016
      0.02   0.953311   0.396456   0.560016
      0.03   0.953311   0.396456   0.560016
      0.04   0.953311   0.396456   0.560016
      0.05   0.953311   0.396512   0.560072
      0.06   0.953311   0.396845   0.560404
      0.07   0.953311   0.397865    0.56142
      0.08   0.953311   0.401946   0.565471
      0.09    0.95327    0.40789    0.57132
       0.1   0.952143    0.42017   0.583047
      0.11   0.950654   0.435138    0.59701
      0.12     0.9484   0.446386    0.60705
      0.13   0.944013   0.467713   0.625514
      0.14   0.939585   0.480571   0.635898
      0.15   0.933588   0.505201    0.65562
      0.16   0.926102   0.519356   0.665501
      0.17   0.912135   0.539801   0.678228
      0.18   0.905937   0.553881   0.687457
      0.19    0.88219   0.570718   0.693068
       0.2   0.868384   0.581935   0.696871
      0.21   0.841296   0.599553   0.700145
      0.22   0.810787   0.615111   0.699523
      0.23   0.791709   0.625392    0.69879
      0.24   0.767076   0.639058   0.697239
      0.25   0.751942   0.649502   0.696978
      0.26   0.720145    0.66311   0.690452
      0.27   0.691085   0.666982    0.67882
      0.28   0.638398   0.666013   0.651913
      0.29   0.593761   0.661719   0.625901
       0.3   0.533548   0.658724   0.589565
      0.31   0.469873    0.65064   0.545676
      0.32   0.447454   0.653436   0.531175
      0.33   0.426082   0.653648   0.515884
      0.34   0.408211   0.656287   0.503342
      0.35   0.387925    0.65825   0.488162
      0.36   0.371664   0.656688   0.474677
      0.37   0.347555   0.656184   0.454421
      0.38   0.330409   0.652991   0.438792
      0.39   0.301389   0.650198   0.411864
       0.4   0.283276   0.654015   0.395324
      0.41   0.251157   0.656415   0.363306
      0.42   0.228899   0.667368   0.340881
      0.43   0.207768   0.666256   0.316757
      0.44   0.173154   0.689046   0.276759
      0.45   0.147716      0.735   0.245993
      0.46   0.109881   0.733607   0.191134
      0.47  0.0788489   0.761006   0.142892
      0.48  0.0429463   0.876543  0.0818808
      0.49  0.0235862   0.909091  0.0459795
       0.5 0.00760716   0.909091  0.0150881
      0.51 0.00672167          1  0.0133536
      0.52 0.00342121          1 0.00681909
      0.53          0          0          0
      0.54          0          0          0
      0.55          0          0          0
      0.56          0          0          0
      0.57          0          0          0
      0.58          0          0          0
      0.59          0          0          0
       0.6          0          0          0
      0.61          0          0          0
      0.62          0          0          0
      0.63          0          0          0
      0.64          0          0          0
      0.65          0          0          0
      0.66          0          0          0
      0.67          0          0          0
      0.68          0          0          0
      0.69          0          0          0
       0.7          0          0          0
      0.71          0          0          0
      0.72          0          0          0
      0.73          0          0          0
      0.74          0          0          0
      0.75          0          0          0
      0.76          0          0          0
      0.77          0          0          0
      0.78          0          0          0
      0.79          0          0          0
       0.8          0          0          0
      0.81          0          0          0
      0.82          0          0          0
      0.83          0          0          0
      0.84          0          0          0
      0.85          0          0          0
      0.86          0          0          0
      0.87          0          0          0
      0.88          0          0          0
      0.89          0          0          0
       0.9          0          0          0
      0.91          0          0          0
      0.92          0          0          0
      0.93          0          0          0
      0.94          0          0          0
      0.95          0          0          0
      0.96          0          0          0
      0.97          0          0          0
      0.98          0          0          0
      0.99          0          0          0
