         0          1   0.308236   0.471224
      0.01   0.894165   0.442578   0.592093
      0.02   0.894165   0.442578   0.592093
      0.03   0.894165   0.442578   0.592093
      0.04   0.894165   0.442578   0.592093
      0.05   0.894165   0.442603   0.592115
      0.06   0.894165    0.44259   0.592104
      0.07   0.894115   0.442588   0.592091
      0.08   0.893461   0.443187   0.592482
      0.09   0.892958   0.443741   0.592867
       0.1    0.88994   0.443897   0.592339
      0.11   0.887324   0.444297   0.592114
      0.12   0.884406   0.444616   0.591745
      0.13   0.873893   0.446101   0.590676
      0.14   0.868712   0.444661    0.58823
      0.15   0.852213   0.442021   0.582115
      0.16   0.837827   0.440146   0.577111
      0.17   0.812475   0.434894   0.566537
      0.18   0.792958   0.430743   0.558243
      0.19   0.750402   0.422754   0.540824
       0.2   0.725905   0.418623   0.531015
      0.21   0.690694   0.415666   0.518996
      0.22   0.657394    0.42192    0.51397
      0.23   0.630684   0.424001   0.507091
      0.24   0.604628   0.429689   0.502364
      0.25   0.571026   0.429429   0.490208
      0.26   0.539487   0.435741   0.482096
      0.27   0.525352   0.439196   0.478426
      0.28   0.500201   0.449375   0.473428
      0.29   0.485312   0.464627   0.474744
       0.3   0.447686   0.485714   0.465926
      0.31   0.407646   0.502032   0.449942
      0.32    0.36841   0.519149   0.430979
      0.33    0.33506   0.528533   0.410125
      0.34   0.295423   0.547125   0.383677
      0.35   0.266751   0.580513   0.365535
      0.36   0.241247   0.638539   0.350189
      0.37   0.223793   0.732143   0.342802
      0.38   0.209909   0.782123   0.330987
      0.39   0.199396   0.863946   0.324012
       0.4   0.192907        0.9   0.317715
      0.41   0.183551   0.946588    0.30748
      0.42   0.172636   0.972318   0.293212
      0.43   0.157948   0.977099   0.271937
      0.44   0.142254   0.982456   0.248523
      0.45   0.135211   0.979487   0.237621
      0.46   0.104477   0.971014   0.188655
      0.47  0.0938129   0.979167   0.171221
      0.48  0.0699698          1   0.130788
      0.49  0.0413984          1  0.0795054
       0.5  0.0182093          1  0.0357672
      0.51  0.0028169          1 0.00561798
      0.52          0          0          0
      0.53          0          0          0
      0.54          0          0          0
      0.55          0          0          0
      0.56          0          0          0
      0.57          0          0          0
      0.58          0          0          0
      0.59          0          0          0
       0.6          0          0          0
      0.61          0          0          0
      0.62          0          0          0
      0.63          0          0          0
      0.64          0          0          0
      0.65          0          0          0
      0.66          0          0          0
      0.67          0          0          0
      0.68          0          0          0
      0.69          0          0          0
       0.7          0          0          0
      0.71          0          0          0
      0.72          0          0          0
      0.73          0          0          0
      0.74          0          0          0
      0.75          0          0          0
      0.76          0          0          0
      0.77          0          0          0
      0.78          0          0          0
      0.79          0          0          0
       0.8          0          0          0
      0.81          0          0          0
      0.82          0          0          0
      0.83          0          0          0
      0.84          0          0          0
      0.85          0          0          0
      0.86          0          0          0
      0.87          0          0          0
      0.88          0          0          0
      0.89          0          0          0
       0.9          0          0          0
      0.91          0          0          0
      0.92          0          0          0
      0.93          0          0          0
      0.94          0          0          0
      0.95          0          0          0
      0.96          0          0          0
      0.97          0          0          0
      0.98          0          0          0
      0.99          0          0          0
