         0          1   0.363236   0.532903
      0.01   0.974253   0.345977   0.510622
      0.02   0.974253   0.345977   0.510622
      0.03   0.974253   0.345977   0.510622
      0.04   0.974253   0.345853   0.510487
      0.05   0.974253   0.345913   0.510552
      0.06   0.974081   0.346547   0.511218
      0.07   0.973478   0.346775   0.511384
      0.08   0.970335   0.347785   0.512044
      0.09   0.952639    0.34963   0.511525
       0.1   0.925515   0.354529   0.512673
      0.11    0.85964   0.364626   0.512057
      0.12   0.810428   0.374313   0.512102
      0.13   0.713166    0.39635   0.509525
      0.14   0.653836   0.416077   0.508539
      0.15   0.568329   0.453666   0.504565
      0.16   0.518557   0.480673   0.498897
      0.17   0.447085   0.528612   0.484443
      0.18   0.394386   0.563923   0.464158
      0.19   0.327693   0.623672   0.429642
       0.2   0.288943   0.654649   0.400928
      0.21   0.252088   0.680473   0.367888
      0.22   0.210927   0.693901   0.323515
      0.23    0.19448    0.69357   0.303779
      0.24   0.145699   0.682879   0.240158
      0.25   0.114096   0.662708   0.194676
      0.26  0.0663911   0.601399   0.119581
      0.27  0.0542926   0.570175  0.0991446
      0.28  0.0330233   0.534161  0.0622012
      0.29  0.0241109      0.488  0.0459515
       0.3  0.0144665   0.470588  0.0280702
      0.31 0.00809438   0.390625  0.0158601
      0.32 0.00564023   0.363636  0.0111082
      0.33 0.00378886   0.351351 0.00749687
      0.34 0.00331525   0.321429 0.00656281
      0.35 0.00331525       0.36    0.00657
      0.36 0.00327219   0.333333 0.00648077
      0.37 0.00309997   0.384615 0.00615038
      0.38 0.00279859   0.363636 0.00555443
      0.39 0.00279859      0.375 0.00555571
       0.4 0.000516662        0.5 0.00103226
      0.41          0          0          0
      0.42          0          0          0
      0.43          0          0          0
      0.44          0          0          0
      0.45          0          0          0
      0.46          0          0          0
      0.47          0          0          0
      0.48          0          0          0
      0.49          0          0          0
       0.5          0          0          0
      0.51          0          0          0
      0.52          0          0          0
      0.53          0          0          0
      0.54          0          0          0
      0.55          0          0          0
      0.56          0          0          0
      0.57          0          0          0
      0.58          0          0          0
      0.59          0          0          0
       0.6          0          0          0
      0.61          0          0          0
      0.62          0          0          0
      0.63          0          0          0
      0.64          0          0          0
      0.65          0          0          0
      0.66          0          0          0
      0.67          0          0          0
      0.68          0          0          0
      0.69          0          0          0
       0.7          0          0          0
      0.71          0          0          0
      0.72          0          0          0
      0.73          0          0          0
      0.74          0          0          0
      0.75          0          0          0
      0.76          0          0          0
      0.77          0          0          0
      0.78          0          0          0
      0.79          0          0          0
       0.8          0          0          0
      0.81          0          0          0
      0.82          0          0          0
      0.83          0          0          0
      0.84          0          0          0
      0.85          0          0          0
      0.86          0          0          0
      0.87          0          0          0
      0.88          0          0          0
      0.89          0          0          0
       0.9          0          0          0
      0.91          0          0          0
      0.92          0          0          0
      0.93          0          0          0
      0.94          0          0          0
      0.95          0          0          0
      0.96          0          0          0
      0.97          0          0          0
      0.98          0          0          0
      0.99          0          0          0
