         0          1   0.164811   0.282983
      0.01   0.984091   0.178784   0.302594
      0.02   0.984091   0.178784   0.302594
      0.03   0.984091   0.178784   0.302594
      0.04   0.984091   0.178906   0.302769
      0.05   0.984091    0.17966   0.303848
      0.06     0.9839   0.183406   0.309178
      0.07   0.983805   0.188673   0.316624
      0.08   0.980661   0.199148   0.331064
      0.09   0.972754   0.208288   0.343109
       0.1   0.963418   0.224769   0.364499
      0.11   0.949033   0.239019   0.381864
      0.12   0.939888   0.248453   0.393015
      0.13   0.915785   0.260936   0.406148
      0.14   0.895684    0.26359   0.407313
      0.15    0.84567   0.268718   0.407842
      0.16   0.817091   0.269595   0.405423
      0.17    0.77365   0.268657    0.39882
      0.18   0.731352   0.267144   0.391341
      0.19   0.671144   0.256501   0.371153
       0.2   0.631895   0.249579   0.357827
      0.21   0.542441   0.231769   0.324772
      0.22    0.45413   0.213004   0.289991
      0.23   0.412689   0.202546   0.271729
      0.24   0.340097   0.184854    0.23952
      0.25   0.289225   0.182137   0.223517
      0.26   0.227875   0.173873   0.197244
      0.27   0.198342   0.170483   0.183361
      0.28   0.147947   0.160024   0.153749
      0.29    0.12375   0.156823   0.138337
       0.3    0.10603    0.14876   0.123812
      0.31  0.0754501   0.144341   0.099099
      0.32  0.0631609   0.142857  0.0875941
      0.33    0.04668   0.138282  0.0697982
      0.34  0.0398209    0.13438  0.0614364
      0.35   0.029437   0.132584  0.0481774
      0.36  0.0253406   0.124011   0.042082
      0.37  0.0193389   0.122677  0.0334108
      0.38  0.0124798   0.124402  0.0226839
      0.39 0.00628751   0.109589  0.0118927
       0.4 0.00409641    0.09375 0.00784982
      0.41 0.00314376  0.0833333 0.00605894
      0.42 0.000762123  0.0666667 0.00150702
      0.43 0.000381061  0.0588235 0.000757217
      0.44          0          0          0
      0.45          0          0          0
      0.46          0          0          0
      0.47          0          0          0
      0.48          0          0          0
      0.49          0          0          0
       0.5          0          0          0
      0.51          0          0          0
      0.52          0          0          0
      0.53          0          0          0
      0.54          0          0          0
      0.55          0          0          0
      0.56          0          0          0
      0.57          0          0          0
      0.58          0          0          0
      0.59          0          0          0
       0.6          0          0          0
      0.61          0          0          0
      0.62          0          0          0
      0.63          0          0          0
      0.64          0          0          0
      0.65          0          0          0
      0.66          0          0          0
      0.67          0          0          0
      0.68          0          0          0
      0.69          0          0          0
       0.7          0          0          0
      0.71          0          0          0
      0.72          0          0          0
      0.73          0          0          0
      0.74          0          0          0
      0.75          0          0          0
      0.76          0          0          0
      0.77          0          0          0
      0.78          0          0          0
      0.79          0          0          0
       0.8          0          0          0
      0.81          0          0          0
      0.82          0          0          0
      0.83          0          0          0
      0.84          0          0          0
      0.85          0          0          0
      0.86          0          0          0
      0.87          0          0          0
      0.88          0          0          0
      0.89          0          0          0
       0.9          0          0          0
      0.91          0          0          0
      0.92          0          0          0
      0.93          0          0          0
      0.94          0          0          0
      0.95          0          0          0
      0.96          0          0          0
      0.97          0          0          0
      0.98          0          0          0
      0.99          0          0          0
