         0          1   0.317058   0.481463
      0.01   0.956434   0.377474    0.54131
      0.02   0.956434   0.377474    0.54131
      0.03   0.956434   0.377474    0.54131
      0.04   0.956434   0.377474    0.54131
      0.05   0.956434   0.377511   0.541348
      0.06   0.956434   0.378002   0.541853
      0.07   0.956043   0.379487   0.543314
      0.08   0.953644   0.384916    0.54846
      0.09   0.951393   0.391951   0.555181
       0.1   0.943952   0.404338   0.566162
      0.11   0.926477   0.417053   0.575186
      0.12    0.90817    0.42656   0.580475
      0.13   0.875716   0.438653   0.584517
      0.14   0.854716   0.446635   0.586692
      0.15   0.811591   0.461428   0.588351
      0.16   0.783788   0.468272   0.586276
      0.17   0.737677    0.48446   0.584836
      0.18   0.713496   0.499275   0.587466
      0.19   0.677713    0.52187   0.589669
       0.2     0.6527   0.537364   0.589443
      0.21   0.604288   0.559792    0.58119
      0.22   0.558813   0.583069   0.570684
      0.23   0.539184    0.59897   0.567507
      0.24   0.485046   0.623623   0.545674
      0.25   0.460767   0.638901   0.535406
      0.26   0.421313   0.651818   0.511809
      0.27   0.390279   0.660047   0.490519
      0.28   0.345685    0.67689    0.45765
      0.29   0.310049   0.685855   0.427047
       0.3   0.257183   0.704475   0.376806
      0.31   0.225562   0.742638   0.346025
      0.32   0.204562    0.73991   0.320513
      0.33    0.17015   0.755382    0.27774
      0.34   0.155808   0.758782    0.25853
      0.35    0.12169   0.770588   0.210187
      0.36   0.100152   0.765734   0.177136
      0.37  0.0883548   0.769912   0.158518
      0.38  0.0730334   0.740741   0.132958
      0.39  0.0513975   0.686567  0.0956356
       0.4  0.0404817   0.657143  0.0762652
      0.41  0.0316217        0.6  0.0600772
      0.42  0.0138039   0.466667  0.0268146
      0.43  0.0102306   0.315789   0.019819
      0.44  0.0023496   0.166667 0.00463388
      0.45  0.0023496       0.25 0.00465545
      0.46          0          0          0
      0.47          0          0          0
      0.48          0          0          0
      0.49          0          0          0
       0.5          0          0          0
      0.51          0          0          0
      0.52          0          0          0
      0.53          0          0          0
      0.54          0          0          0
      0.55          0          0          0
      0.56          0          0          0
      0.57          0          0          0
      0.58          0          0          0
      0.59          0          0          0
       0.6          0          0          0
      0.61          0          0          0
      0.62          0          0          0
      0.63          0          0          0
      0.64          0          0          0
      0.65          0          0          0
      0.66          0          0          0
      0.67          0          0          0
      0.68          0          0          0
      0.69          0          0          0
       0.7          0          0          0
      0.71          0          0          0
      0.72          0          0          0
      0.73          0          0          0
      0.74          0          0          0
      0.75          0          0          0
      0.76          0          0          0
      0.77          0          0          0
      0.78          0          0          0
      0.79          0          0          0
       0.8          0          0          0
      0.81          0          0          0
      0.82          0          0          0
      0.83          0          0          0
      0.84          0          0          0
      0.85          0          0          0
      0.86          0          0          0
      0.87          0          0          0
      0.88          0          0          0
      0.89          0          0          0
       0.9          0          0          0
      0.91          0          0          0
      0.92          0          0          0
      0.93          0          0          0
      0.94          0          0          0
      0.95          0          0          0
      0.96          0          0          0
      0.97          0          0          0
      0.98          0          0          0
      0.99          0          0          0
