         0          1    0.28722   0.446264
      0.01   0.883608   0.379016   0.530485
      0.02   0.883608   0.379016   0.530485
      0.03   0.883608   0.379016   0.530485
      0.04   0.883608   0.378982   0.530451
      0.05   0.883608   0.379109   0.530576
      0.06   0.883506   0.379935   0.531366
      0.07   0.882996    0.38136   0.532666
      0.08    0.88126   0.384665   0.535561
      0.09   0.876717   0.389566   0.539435
       0.1   0.865435   0.396341    0.54369
      0.11   0.845883    0.40536   0.548075
      0.12    0.83113   0.410585   0.549642
      0.13    0.80341   0.420611   0.552153
      0.14   0.788453   0.427375   0.554297
      0.15    0.76349   0.432574   0.552255
      0.16   0.742355   0.435002   0.548561
      0.17   0.707897   0.438702   0.541699
      0.18   0.667364   0.438689   0.529388
      0.19   0.613354   0.442223   0.513917
       0.2   0.572975    0.44252   0.499368
      0.21   0.512124   0.447678   0.477738
      0.22   0.450253   0.453751   0.451995
      0.23   0.410588     0.4652   0.436191
      0.24    0.36204   0.489948   0.416392
      0.25   0.317423   0.514579   0.392641
      0.26   0.247996   0.551515   0.342143
      0.27   0.201184   0.566763   0.296957
      0.28   0.161468   0.635057   0.257472
      0.29   0.149012   0.718053   0.246806
       0.3   0.104293   0.810484   0.184806
      0.31  0.0636582       0.87   0.118636
      0.32   0.043698   0.918367  0.0834264
      0.33  0.0157742   0.882353  0.0309942
      0.34 0.00306294   0.714286 0.00609973
      0.35 0.00188882       0.75 0.00376814
      0.36 0.00188882       0.75 0.00376814
      0.37 0.00173567   0.666667 0.00346232
      0.38          0          0          0
      0.39          0          0          0
       0.4          0          0          0
      0.41          0          0          0
      0.42          0          0          0
      0.43          0          0          0
      0.44          0          0          0
      0.45          0          0          0
      0.46          0          0          0
      0.47          0          0          0
      0.48          0          0          0
      0.49          0          0          0
       0.5          0          0          0
      0.51          0          0          0
      0.52          0          0          0
      0.53          0          0          0
      0.54          0          0          0
      0.55          0          0          0
      0.56          0          0          0
      0.57          0          0          0
      0.58          0          0          0
      0.59          0          0          0
       0.6          0          0          0
      0.61          0          0          0
      0.62          0          0          0
      0.63          0          0          0
      0.64          0          0          0
      0.65          0          0          0
      0.66          0          0          0
      0.67          0          0          0
      0.68          0          0          0
      0.69          0          0          0
       0.7          0          0          0
      0.71          0          0          0
      0.72          0          0          0
      0.73          0          0          0
      0.74          0          0          0
      0.75          0          0          0
      0.76          0          0          0
      0.77          0          0          0
      0.78          0          0          0
      0.79          0          0          0
       0.8          0          0          0
      0.81          0          0          0
      0.82          0          0          0
      0.83          0          0          0
      0.84          0          0          0
      0.85          0          0          0
      0.86          0          0          0
      0.87          0          0          0
      0.88          0          0          0
      0.89          0          0          0
       0.9          0          0          0
      0.91          0          0          0
      0.92          0          0          0
      0.93          0          0          0
      0.94          0          0          0
      0.95          0          0          0
      0.96          0          0          0
      0.97          0          0          0
      0.98          0          0          0
      0.99          0          0          0
