         0          1   0.279386    0.43675
      0.01   0.935928   0.348501   0.507886
      0.02   0.935928   0.348508   0.507894
      0.03   0.935906   0.348557   0.507943
      0.04   0.935673    0.34874   0.508103
      0.05   0.935101   0.349133   0.508434
      0.06    0.93334   0.351131   0.510287
      0.07   0.931886   0.354045   0.513137
      0.08   0.928638   0.360888   0.519779
      0.09   0.924853   0.367313     0.5258
       0.1     0.9157   0.379212   0.536321
      0.11   0.902109    0.39309   0.547576
      0.12   0.890196    0.40362   0.555413
      0.13   0.869431   0.420049   0.566435
      0.14   0.853969    0.43087   0.572756
      0.15   0.825784   0.446758   0.579825
      0.16   0.804187   0.456976   0.582786
      0.17   0.770728   0.471968   0.585435
      0.18   0.745986   0.481375   0.585156
      0.19   0.706801    0.49491   0.582175
       0.2   0.678408    0.50375   0.578176
      0.21   0.633563    0.51856   0.570322
      0.22   0.585221   0.533243   0.558024
      0.23   0.554266   0.543556   0.548859
      0.24   0.508768   0.559351   0.532862
      0.25   0.478185    0.56959     0.5199
      0.26   0.435356   0.584954   0.499188
      0.27   0.407436   0.593626   0.483216
      0.28   0.368979   0.609553   0.459693
      0.29   0.344193   0.619671   0.442565
       0.3   0.305876   0.635396   0.412957
      0.31   0.271444    0.65102   0.383138
      0.32   0.250407   0.659428   0.362979
      0.33   0.220672   0.669823   0.331976
      0.34   0.201516   0.676569   0.310539
      0.35   0.174872   0.681309    0.27831
      0.36   0.156171   0.681826   0.254134
      0.37   0.130033   0.681454   0.218392
      0.38   0.113636    0.67719   0.194614
      0.39  0.0941707      0.671   0.165162
       0.4  0.0822368   0.667183   0.146425
      0.41  0.0660476   0.667401     0.1202
      0.42  0.0512008   0.665347  0.0950845
      0.43  0.0438558   0.670362  0.0823257
      0.44  0.0336386   0.695504  0.0641734
      0.45  0.0271021   0.723313  0.0522465
      0.46  0.0195343   0.739023  0.0380625
      0.47  0.0146332   0.770241  0.0287207
      0.48 0.00892452   0.849478  0.0176635
      0.49 0.00534149   0.860465  0.0106171
       0.5 0.00251005     0.8375 0.00500511
      0.51 0.000958051       0.85 0.00191395
      0.52 0.000549201   0.806452 0.00109766
      0.53 0.000174931   0.666667 0.00034977
      0.54 6.00053e-05       0.25 0.000119982
      0.55          0          0          0
      0.56          0          0          0
      0.57          0          0          0
      0.58          0          0          0
      0.59          0          0          0
       0.6          0          0          0
      0.61          0          0          0
      0.62          0          0          0
      0.63          0          0          0
      0.64          0          0          0
      0.65          0          0          0
      0.66          0          0          0
      0.67          0          0          0
      0.68          0          0          0
      0.69          0          0          0
       0.7          0          0          0
      0.71          0          0          0
      0.72          0          0          0
      0.73          0          0          0
      0.74          0          0          0
      0.75          0          0          0
      0.76          0          0          0
      0.77          0          0          0
      0.78          0          0          0
      0.79          0          0          0
       0.8          0          0          0
      0.81          0          0          0
      0.82          0          0          0
      0.83          0          0          0
      0.84          0          0          0
      0.85          0          0          0
      0.86          0          0          0
      0.87          0          0          0
      0.88          0          0          0
      0.89          0          0          0
       0.9          0          0          0
      0.91          0          0          0
      0.92          0          0          0
      0.93          0          0          0
      0.94          0          0          0
      0.95          0          0          0
      0.96          0          0          0
      0.97          0          0          0
      0.98          0          0          0
      0.99          0          0          0
