    119082   0.247576   0.783585    0.74172   0.762078
     58060   0.319192   0.499066   0.599107    0.54453
     42049       0.21   0.961187   0.966574   0.963873
     24077       0.23   0.788647   0.658472   0.717704
     78004       0.23   0.813324   0.721596   0.764719
     45096       0.14    0.85646   0.719981   0.782313
     38092       0.19   0.841134   0.794559   0.817183
     43074       0.19   0.532456   0.623074   0.574211
     16077   0.188384   0.643471   0.528447   0.580314
     86000       0.09   0.892958   0.443741   0.592867
    101085       0.19   0.901337    0.46843   0.616475
     89072       0.14   0.788453   0.427375   0.554297
    126007        0.2   0.782285   0.677169   0.725942
     76053       0.13   0.776581   0.515679   0.619793
     86016          0          1   0.363236   0.532903
    103070       0.11   0.794275   0.441514   0.567546
      8023       0.15   0.896459   0.271142   0.416354
     41033       0.16   0.742828   0.507659    0.60313
    109053       0.15   0.716678   0.471803   0.569013
    130026   0.238586   0.413132   0.448853   0.430252
    108082    0.14303   0.743501   0.179644   0.289371
     69040          0          1   0.319512   0.484288
     14037       0.09   0.925246   0.396957   0.555562
     54082       0.09   0.854804   0.626099   0.722791
     62096       0.31   0.811209   0.884298   0.846178
     12084       0.26   0.599803   0.439535   0.507312
     69015       0.17   0.859616   0.785304   0.820781
     97033   0.273333   0.550854   0.622852   0.584645
     19021   0.160909   0.816851    0.69215   0.749348
     86068       0.15    0.84567   0.268718   0.407842
      3096       0.16   0.694412   0.840981   0.760701
     41069   0.211414    0.54108   0.489424   0.513958
     21077       0.13   0.953976   0.577117   0.719167
    108070          0          1   0.230724    0.37494
    123074       0.17   0.641078   0.202409   0.307675
     38082       0.11   0.912776   0.460661   0.612304
     33039          0          1   0.331079    0.49746
    108005       0.14   0.858502   0.390437   0.536762
    106024   0.186667   0.529478   0.818298   0.642942
    102061       0.15   0.855924   0.395737   0.541234
     37073        0.1   0.968458   0.860743   0.911429
     65033   0.188182   0.837379   0.654509   0.734736
     55073       0.21   0.799741   0.527762    0.63589
     66053        0.2   0.682471   0.463936   0.552374
     85048   0.210303   0.840372   0.600025   0.700146
     42012        0.1   0.824187    0.51594   0.634613
     87046   0.193232   0.669628   0.526878   0.589738
    105025       0.19   0.684659    0.50145   0.578905
    101087   0.160202   0.880604   0.720179   0.792353
     69020       0.18   0.822605   0.534865   0.648239
