         0          1   0.279386    0.43675
      0.01   0.928527   0.363757    0.52273
      0.02   0.845153   0.443356   0.581608
      0.03   0.750789   0.489514   0.592632
      0.04   0.580954   0.547112   0.563525
      0.05   0.470737   0.587602   0.522717
      0.06   0.334587     0.6434   0.440237
      0.07   0.263544   0.680985   0.380019
      0.08   0.180323   0.720223   0.288431
      0.09   0.131638     0.7348   0.223277
       0.1  0.0765454   0.752304   0.138953
      0.11  0.0399076   0.790718  0.0759805
      0.12  0.0234316   0.794664  0.0455209
      0.13  0.0104125   0.776884  0.0205495
      0.14 0.00619275   0.782319  0.0122882
      0.15 0.00304705   0.863216 0.00607266
      0.16 0.00178999   0.926923 0.00357308
      0.17 0.000562423          1 0.00112421
      0.18 0.000263413          1 0.000526688
      0.19          0          0          0
       0.2          0          0          0
      0.21          0          0          0
      0.22          0          0          0
      0.23          0          0          0
      0.24          0          0          0
      0.25          0          0          0
      0.26          0          0          0
      0.27          0          0          0
      0.28          0          0          0
      0.29          0          0          0
       0.3          0          0          0
      0.31          0          0          0
      0.32          0          0          0
      0.33          0          0          0
      0.34          0          0          0
      0.35          0          0          0
      0.36          0          0          0
      0.37          0          0          0
      0.38          0          0          0
      0.39          0          0          0
       0.4          0          0          0
      0.41          0          0          0
      0.42          0          0          0
      0.43          0          0          0
      0.44          0          0          0
      0.45          0          0          0
      0.46          0          0          0
      0.47          0          0          0
      0.48          0          0          0
      0.49          0          0          0
       0.5          0          0          0
      0.51          0          0          0
      0.52          0          0          0
      0.53          0          0          0
      0.54          0          0          0
      0.55          0          0          0
      0.56          0          0          0
      0.57          0          0          0
      0.58          0          0          0
      0.59          0          0          0
       0.6          0          0          0
      0.61          0          0          0
      0.62          0          0          0
      0.63          0          0          0
      0.64          0          0          0
      0.65          0          0          0
      0.66          0          0          0
      0.67          0          0          0
      0.68          0          0          0
      0.69          0          0          0
       0.7          0          0          0
      0.71          0          0          0
      0.72          0          0          0
      0.73          0          0          0
      0.74          0          0          0
      0.75          0          0          0
      0.76          0          0          0
      0.77          0          0          0
      0.78          0          0          0
      0.79          0          0          0
       0.8          0          0          0
      0.81          0          0          0
      0.82          0          0          0
      0.83          0          0          0
      0.84          0          0          0
      0.85          0          0          0
      0.86          0          0          0
      0.87          0          0          0
      0.88          0          0          0
      0.89          0          0          0
       0.9          0          0          0
      0.91          0          0          0
      0.92          0          0          0
      0.93          0          0          0
      0.94          0          0          0
      0.95          0          0          0
      0.96          0          0          0
      0.97          0          0          0
      0.98          0          0          0
      0.99          0          0          0
