    119082       0.04   0.861036   0.616189   0.718321
     58060  0.0579798   0.534047   0.623121   0.575156
     42049       0.04   0.942527    0.98046    0.96112
     24077  0.0436364   0.788757   0.669453   0.724225
     78004       0.05   0.782292    0.74284   0.762056
     45096       0.02    0.84713   0.762041   0.802336
     38092       0.03   0.856816   0.764408   0.807978
     43074       0.03   0.550287   0.588323    0.56867
     16077       0.02   0.800791   0.415599   0.547206
     86000       0.01   0.893461    0.44308   0.592387
    101085       0.03   0.923236    0.46346   0.617126
     89072       0.02   0.777018   0.433426   0.556456
    126007       0.03   0.846723   0.617567   0.714214
     76053       0.02   0.758879   0.524947   0.620601
     86016  0.0161616   0.728059   0.442494   0.550444
    103070  0.0183838   0.702777   0.502012   0.585667
      8023  0.0239394   0.842974   0.254366   0.390807
     41033       0.03   0.697433   0.568821   0.626595
    109053       0.02   0.736102   0.441067   0.551612
    130026  0.0490909   0.399818    0.52732   0.454802
    108082       0.02   0.748553   0.181234   0.291816
     69040          0          1   0.319512   0.484288
     14037  0.0368687   0.611764   0.609917   0.610839
     54082  0.0132323   0.806777   0.655404   0.723255
     62096       0.07   0.802374   0.801471   0.801922
     12084       0.03   0.869767   0.334545   0.483224
     69015       0.03   0.846609   0.781661    0.81284
     97033       0.03   0.920947   0.455441   0.609475
     19021  0.0230303    0.82257   0.692817   0.752139
     86068       0.02   0.894922   0.272842   0.418187
      3096       0.03   0.691793   0.825237   0.752646
     41069  0.0362626   0.574676   0.583712   0.579159
     21077       0.02   0.928265   0.567028   0.704012
    108070          0          1   0.230724    0.37494
    123074       0.03   0.658585   0.207188   0.315212
     38082  0.0107071   0.939222   0.442885   0.601932
     33039          0          1   0.331079    0.49746
    108005       0.02   0.837894   0.387986    0.53038
    106024  0.0350505   0.528156   0.729823   0.612825
    102061       0.03   0.804152   0.408746   0.541998
     37073       0.01   0.980518   0.845062   0.907764
     65033       0.03   0.849938   0.661691   0.744093
     55073  0.0311111   0.830873   0.522622   0.641646
     66053  0.0357576   0.695909   0.599334   0.644021
     85048  0.0449495   0.824201   0.622132   0.709051
     42012       0.01   0.860001   0.497098   0.630028
     87046  0.0255556   0.786621   0.505281   0.615317
    105025  0.0323232   0.704899   0.489119   0.577511
    101087       0.03   0.840167   0.774756   0.806137
     69020       0.03   0.843883   0.532089    0.65266
